5|5|9|4|8|9|0|9|9|9|9|9|1|4|5|3|237|258|-1|288|3|-1|12|-1|-1|-1|-1|-1|295|262|182|3|
9|5|9|4|8|9|0|9|9|9|9|9|1|4|5|3|-1|258|-1|288|3|-1|12|-1|-1|-1|-1|-1|295|262|182|3|
5|5|0|5|0|4|5|9|9|0|9|9|5|7|7|6|237|170|196|324|193|352|16|-1|-1|181|-1|-1|303|641|646|764|
5|5|4|5|8|4|4|9|9|9|9|9|4|5|8|2|237|213|110|324|3|18|74|-1|-1|-1|-1|-1|302|319|2|255|
9|5|9|5|8|4|2|9|9|9|9|9|7|1|5|1|-1|258|-1|324|3|18|110|-1|-1|-1|-1|-1|437|70|182|62|
4|5|9|3|0|4|4|9|9|9|9|9|3|4|5|8|279|258|-1|0|232|18|74|-1|-1|-1|-1|-1|87|262|182|0|
9|5|9|5|8|0|4|9|9|7|9|9|3|0|4|1|-1|283|-1|324|3|95|74|-1|-1|655|-1|-1|216|147|238|62|
9|2|9|5|8|4|4|9|9|9|9|7|1|4|5|0|-1|30|-1|324|3|18|74|-1|-1|-1|-1|269|282|262|182|267|
5|5|9|5|8|4|0|9|9|9|9|4|4|0|4|1|237|258|-1|324|3|18|12|-1|-1|-1|-1|145|160|147|238|62|
9|5|9|5|4|4|0|9|9|9|0|7|0|8|5|1|-1|269|-1|324|120|352|12|-1|-1|-1|334|446|83|1|182|105|
5|5|9|5|8|4|0|5|9|8|9|9|2|4|2|4|77|258|-1|324|3|352|12|1|-1|0|-1|-1|259|262|348|224|
9|1|9|5|9|4|9|1|9|9|9|9|2|4|0|3|-1|212|-1|324|-1|18|-1|316|-1|-1|-1|-1|183|262|157|226|
5|5|9|4|8|9|9|9|9|8|5|9|2|4|4|1|237|269|-1|288|3|-1|-1|-1|-1|0|321|-1|259|262|238|62|
4|5|9|0|4|4|4|9|9|9|9|9|3|5|5|3|279|258|-1|67|229|18|74|-1|-1|-1|-1|-1|216|319|182|3|
8|8|9|5|8|4|8|9|9|9|9|9|7|4|1|1|2|0|-1|324|3|359|0|-1|-1|-1|-1|-1|437|262|166|62|
5|1|3|5|5|4|9|9|9|9|9|4|3|5|1|1|77|212|16|324|101|18|-1|-1|-1|-1|-1|207|216|319|166|62|
1|5|9|4|8|4|4|9|4|9|9|9|7|4|5|3|208|258|-1|67|3|18|74|-1|108|-1|-1|-1|437|262|182|3|
9|5|0|5|8|4|0|9|9|9|9|9|7|4|5|3|-1|258|196|324|3|18|12|-1|-1|-1|-1|-1|437|262|182|3|
5|9|9|5|8|9|4|9|9|2|9|4|0|7|9|4|237|-1|-1|324|3|-1|74|-1|-1|251|-1|54|198|641|-1|224|
5|8|9|5|8|4|0|9|9|9|9|9|6|8|5|3|77|1|-1|324|3|18|12|-1|-1|-1|-1|-1|684|2|182|3|
5|1|9|2|8|4|0|9|7|9|9|9|0|8|0|9|237|13|-1|149|3|18|12|-1|520|-1|-1|-1|83|2|298|-1|
5|5|0|5|8|4|0|9|9|9|9|9|0|9|0|8|237|258|196|324|3|18|12|-1|-1|-1|-1|-1|83|-1|298|2|
5|4|9|5|8|4|5|9|9|9|0|9|4|8|6|6|237|131|-1|324|3|18|16|-1|-1|-1|210|-1|219|3|20|340|
5|5|9|5|8|4|9|9|9|8|9|9|7|4|5|3|77|258|-1|324|3|18|-1|-1|-1|3|-1|-1|437|262|182|3|
8|8|9|5|8|9|8|9|9|9|9|4|0|4|5|1|2|0|-1|324|3|-1|0|-1|-1|-1|-1|145|83|162|182|62|
2|5|9|1|8|4|9|9|9|9|9|8|1|4|5|1|15|258|-1|103|3|18|-1|-1|-1|-1|-1|3|282|262|182|142|
5|0|9|5|6|4|0|9|9|9|9|9|0|1|5|3|77|95|-1|324|740|18|12|-1|-1|-1|-1|-1|83|16|182|226|
9|5|9|4|8|4|4|9|4|9|9|9|7|4|0|1|-1|258|-1|67|3|18|74|-1|108|-1|-1|-1|437|262|298|62|
1|5|9|1|8|9|0|9|9|2|9|4|4|7|9|4|208|258|-1|103|3|-1|12|-1|-1|251|-1|54|344|641|-1|224|
5|8|9|5|8|4|0|9|5|9|9|9|4|0|5|3|77|1|-1|324|3|18|12|-1|84|-1|-1|-1|160|248|182|3|
5|8|9|5|8|4|0|9|9|0|5|9|0|9|0|8|237|1|-1|324|3|19|12|-1|-1|321|52|-1|83|-1|298|2|
5|5|9|0|8|4|9|9|9|9|9|4|7|4|5|3|77|258|-1|67|3|18|-1|-1|-1|-1|-1|145|437|262|182|3|
1|5|9|5|8|9|0|9|9|9|9|9|1|7|5|3|208|233|-1|324|3|-1|12|-1|-1|-1|-1|-1|291|641|182|226|
4|1|9|5|8|4|0|9|7|9|9|9|7|7|5|3|279|13|-1|324|3|18|12|-1|76|-1|-1|-1|437|641|182|3|
8|5|9|0|4|4|4|9|4|9|9|9|3|5|1|1|2|258|-1|67|229|18|74|-1|108|-1|-1|-1|216|319|166|62|
5|9|9|5|8|4|5|9|4|9|9|9|0|0|2|2|77|-1|-1|324|3|18|16|-1|108|-1|-1|-1|140|214|348|255|
9|9|3|5|8|4|9|9|9|9|9|9|7|4|5|3|-1|-1|16|324|3|18|-1|-1|-1|-1|-1|-1|437|262|182|3|
5|5|9|5|8|4|9|9|9|7|9|9|7|4|0|1|77|258|-1|324|3|18|-1|-1|-1|649|-1|-1|437|262|298|62|
5|8|9|5|4|4|0|9|9|9|9|9|3|5|8|2|237|1|-1|324|338|18|12|-1|-1|-1|-1|-1|216|319|2|255|
5|5|4|0|4|4|8|9|9|9|7|5|6|4|5|1|77|258|49|80|229|324|1|-1|-1|-1|378|300|684|262|182|142|
8|1|9|5|8|9|9|9|9|8|9|4|4|0|4|4|2|13|-1|324|3|-1|-1|-1|-1|3|-1|145|160|147|238|275|
3|1|9|5|8|4|0|7|9|9|9|9|7|4|5|3|336|13|-1|324|3|18|12|49|-1|-1|-1|-1|437|262|182|3|
5|8|9|5|8|9|4|5|4|9|9|6|5|4|5|2|237|2|-1|324|3|-1|74|325|108|-1|-1|73|303|262|286|322|
3|1|9|5|8|4|9|2|4|9|9|9|7|4|5|5|336|13|-1|324|3|18|-1|125|108|-1|-1|-1|437|218|182|68|
5|5|8|0|4|4|0|9|9|9|9|9|3|0|9|4|237|258|1|67|229|324|12|-1|-1|-1|-1|-1|87|281|-1|224|
8|5|9|4|8|9|4|9|9|9|9|9|3|6|5|3|2|258|-1|67|3|-1|74|-1|-1|-1|-1|-1|87|728|182|226|
2|5|9|5|2|4|9|9|0|9|9|0|7|4|5|3|61|233|-1|324|176|18|-1|-1|79|-1|-1|83|437|262|182|3|
5|5|9|5|8|7|4|9|9|9|9|7|1|4|5|5|77|258|-1|324|3|252|74|-1|-1|-1|-1|22|295|218|182|68|
5|5|9|0|4|4|9|9|9|1|9|9|7|8|5|1|237|269|-1|67|229|324|-1|-1|-1|157|-1|-1|437|2|182|62|
4|5|9|4|1|3|4|9|9|9|9|8|4|6|2|2|279|269|-1|288|247|141|74|-1|-1|-1|-1|0|79|722|348|255|
9|1|4|0|8|9|9|9|9|9|9|9|0|0|7|5|-1|13|49|80|3|-1|-1|-1|-1|-1|-1|-1|140|214|646|36|
5|5|0|5|1|3|0|1|9|9|9|8|0|4|2|2|237|269|302|324|247|321|12|306|-1|-1|-1|3|83|262|348|255|
5|8|9|5|8|0|0|9|9|9|9|9|7|6|5|8|237|1|-1|324|3|188|12|-1|-1|-1|-1|-1|437|722|88|3|
1|5|9|4|8|4|4|9|9|9|9|9|7|7|5|1|208|258|-1|67|3|18|74|-1|-1|-1|-1|-1|437|641|182|142|
5|5|9|5|8|6|1|9|9|8|7|9|5|4|0|1|237|269|-1|324|3|113|276|-1|-1|0|581|-1|303|262|298|62|
5|5|9|5|8|4|9|9|9|1|9|9|1|4|5|5|237|258|-1|134|3|18|-1|-1|-1|157|-1|-1|295|218|182|68|
1|1|2|5|8|4|6|9|9|9|9|7|1|7|5|3|208|13|297|324|3|18|118|-1|-1|-1|-1|168|291|641|182|226|
9|1|4|8|7|1|8|9|9|1|9|9|3|7|0|1|-1|212|226|1|225|8|3|-1|-1|324|-1|-1|87|641|298|62|
6|3|6|5|8|8|9|9|9|9|9|9|0|0|0|1|717|71|0|324|3|3|-1|-1|-1|-1|-1|-1|140|214|298|62|
5|5|0|5|8|4|9|9|9|5|9|9|1|9|2|1|77|258|196|324|3|18|-1|-1|-1|181|-1|-1|291|-1|183|108|
4|2|9|5|8|4|4|9|9|9|9|9|1|4|4|0|279|30|-1|324|3|18|74|-1|-1|-1|-1|-1|295|262|238|31|
4|8|9|8|8|4|1|9|1|8|5|9|7|6|2|6|50|2|-1|1|3|18|276|-1|148|0|321|-1|437|722|242|340|
3|8|0|5|8|4|4|9|4|9|9|9|3|0|1|9|132|1|196|324|3|18|74|-1|108|-1|-1|-1|87|281|231|-1|
2|5|2|2|8|4|0|1|9|9|9|8|1|4|5|3|37|258|76|117|3|324|12|316|-1|-1|-1|3|282|262|182|226|
2|5|9|1|8|4|9|9|9|9|9|0|0|6|5|1|15|258|-1|103|3|18|-1|-1|-1|-1|-1|156|313|728|182|59|
5|5|9|5|5|4|0|9|9|1|9|7|7|7|0|2|237|258|-1|324|2|352|12|-1|-1|157|-1|78|437|641|298|3|
2|5|0|5|8|4|0|9|9|9|9|9|0|7|5|3|140|258|196|324|3|18|12|-1|-1|-1|-1|-1|313|641|182|3|
5|8|7|5|8|4|0|0|9|9|6|9|4|4|5|1|77|2|383|324|3|18|12|351|-1|-1|420|-1|79|262|286|34|
8|5|9|0|1|9|5|9|9|9|9|1|2|4|5|1|2|258|-1|80|324|-1|16|-1|-1|-1|-1|248|259|262|182|142|
0|8|9|5|4|4|0|1|9|9|9|9|4|6|2|7|308|1|-1|324|229|324|12|316|-1|-1|-1|-1|79|722|5|789|
5|5|0|3|8|5|0|9|9|9|9|9|5|7|7|6|237|258|54|118|3|238|12|-1|-1|-1|-1|-1|303|641|646|764|
5|0|9|5|4|4|0|5|9|8|0|7|0|4|5|1|77|137|-1|324|120|352|12|1|-1|0|334|446|83|262|182|105|
5|5|9|2|8|4|0|8|8|9|9|9|3|0|9|4|77|258|-1|117|3|19|12|2|0|-1|-1|-1|87|281|-1|224|
5|5|9|5|8|4|0|9|9|9|9|9|3|2|8|1|77|258|-1|324|3|19|12|-1|-1|-1|-1|-1|87|78|2|62|
5|4|9|5|8|5|0|9|9|9|9|4|3|4|0|1|237|131|-1|324|3|289|12|-1|-1|-1|-1|145|216|262|298|62|
5|5|9|5|8|4|0|1|9|9|9|4|1|7|5|1|77|283|-1|324|3|19|12|203|-1|-1|-1|145|291|641|182|62|
5|8|0|5|8|4|0|2|9|4|9|9|0|0|8|7|237|1|196|324|3|18|12|281|-1|354|-1|-1|140|214|1|789|
9|7|7|5|4|4|5|9|9|9|9|9|7|4|5|3|-1|182|383|324|229|18|16|-1|-1|-1|-1|-1|437|262|182|3|
5|8|0|5|8|4|1|9|0|2|9|9|8|9|0|1|237|1|283|324|3|18|63|-1|79|251|-1|-1|1|-1|298|62|
5|8|6|5|7|1|1|0|9|9|9|4|4|7|5|1|77|1|0|324|223|237|70|295|-1|-1|-1|145|79|641|182|62|
3|8|9|1|8|3|0|9|0|1|4|9|7|4|5|1|200|2|-1|103|3|239|12|-1|79|269|32|-1|437|262|182|142|
5|8|9|5|8|9|0|9|4|9|9|9|7|6|2|6|237|2|-1|324|3|-1|12|-1|108|-1|-1|-1|437|722|242|340|
3|8|9|1|1|1|0|9|9|5|9|9|7|4|9|2|132|1|-1|103|34|276|12|-1|-1|263|-1|-1|437|262|-1|255|
1|8|9|5|4|4|0|9|9|6|9|0|6|7|5|1|208|0|-1|324|117|18|12|-1|-1|732|-1|39|684|641|182|142|
3|1|9|5|9|2|0|9|9|9|9|9|7|9|0|8|73|212|-1|324|-1|183|12|-1|-1|-1|-1|-1|437|-1|337|2|
5|8|0|5|8|1|0|3|9|9|9|8|0|6|5|8|77|1|196|324|3|276|12|12|-1|-1|-1|3|83|722|88|3|
5|8|9|5|8|5|2|9|0|1|9|6|3|7|5|1|237|1|-1|324|3|289|110|-1|79|269|-1|283|87|641|182|142|
5|0|9|6|8|1|0|9|9|9|9|8|1|4|5|3|237|170|-1|594|3|276|12|-1|-1|-1|-1|3|282|262|182|226|
0|5|9|5|4|9|0|9|9|9|5|9|0|6|5|1|120|283|-1|324|120|-1|12|-1|-1|-1|131|-1|83|722|182|62|
9|2|9|7|8|4|5|9|9|9|9|9|3|0|2|2|-1|30|-1|266|3|18|16|-1|-1|-1|-1|-1|87|281|348|255|
8|8|9|3|9|4|5|9|9|9|9|9|0|0|9|4|2|1|-1|283|-1|18|16|-1|-1|-1|-1|-1|140|214|-1|224|
9|7|7|0|1|3|6|9|9|1|9|7|7|8|5|8|-1|182|383|80|247|141|118|-1|-1|157|-1|361|437|2|88|3|
4|5|4|5|4|4|5|9|9|9|9|9|7|4|0|1|279|258|49|324|229|18|16|-1|-1|-1|-1|-1|437|262|298|62|
5|5|9|5|4|4|0|0|9|1|9|9|6|4|5|3|77|258|-1|324|120|18|12|80|-1|157|-1|-1|684|262|182|3|
5|8|9|5|4|4|0|9|9|9|9|9|3|5|8|2|237|2|-1|324|338|18|12|-1|-1|-1|-1|-1|216|319|2|255|
9|5|9|4|8|9|0|9|9|9|9|9|1|4|5|3|-1|258|-1|288|3|-1|12|-1|-1|-1|-1|-1|295|262|182|3|
5|5|0|5|0|4|5|9|9|0|9|9|5|7|7|6|237|170|196|324|193|352|16|-1|-1|181|-1|-1|303|641|646|764|
5|5|9|5|8|4|4|9|9|9|9|9|4|5|8|2|237|258|-1|324|3|18|74|-1|-1|-1|-1|-1|302|319|2|255|
9|5|4|5|8|4|2|9|9|9|9|9|7|1|5|1|-1|213|110|324|3|18|110|-1|-1|-1|-1|-1|437|70|182|62|
4|5|9|8|0|0|4|9|9|7|9|9|3|4|5|8|279|258|-1|3|232|95|74|-1|-1|655|-1|-1|87|262|182|0|
