9|5|1|5|8|0|0|9|5|5|9|8|8|4|5|7|-1|93|280|162|3|318|12|-1|2|229|-1|0|2|44|274|221|
9|5|3|5|0|4|0|9|5|5|9|8|8|4|5|7|-1|93|238|162|37|79|12|-1|2|229|-1|0|2|44|274|221|
9|5|1|5|8|0|0|9|5|8|9|8|2|7|3|1|-1|93|280|162|3|318|108|-1|2|0|-1|2|147|457|6|123|
9|5|9|5|2|9|0|9|5|8|9|8|6|6|6|6|-1|236|-1|162|6|-1|108|-1|2|0|-1|3|636|227|627|414|
9|5|1|5|8|9|0|9|5|8|9|8|7|4|6|6|-1|236|117|162|3|-1|108|-1|2|0|-1|3|237|44|627|414|
9|5|9|5|8|1|0|9|5|4|9|8|7|9|3|4|-1|236|-1|162|3|138|12|-1|2|195|-1|3|285|-1|282|212|
9|5|1|5|8|5|3|0|5|8|9|8|9|4|6|6|-1|236|117|162|3|133|216|339|2|0|-1|3|-1|44|627|414|
9|4|3|5|8|2|0|9|5|8|9|8|7|1|3|4|-1|295|116|162|3|208|12|-1|2|0|-1|3|237|280|282|90|
1|5|1|5|8|9|8|9|2|8|9|8|5|9|3|0|147|93|121|162|3|-1|0|-1|18|0|-1|3|25|-1|297|319|
9|2|9|5|8|8|0|8|5|8|9|9|7|9|3|9|-1|248|-1|162|3|3|12|2|2|0|-1|-1|514|-1|282|-1|
9|5|1|5|8|8|0|9|5|8|9|9|8|1|3|4|-1|93|121|162|3|3|108|-1|2|0|-1|-1|2|280|282|90|
9|6|9|5|8|5|2|9|4|8|9|8|9|6|6|6|-1|541|-1|162|3|66|20|-1|288|0|-1|3|-1|227|627|414|
9|5|9|5|8|8|0|9|5|8|9|8|2|3|1|1|-1|236|-1|162|3|3|139|-1|2|0|-1|3|260|206|204|91|
9|6|1|5|8|2|0|9|5|0|0|8|6|1|3|4|-1|530|280|162|3|76|108|-1|2|15|170|0|636|280|282|90|
9|5|1|5|8|4|0|9|5|8|9|8|9|4|6|6|-1|93|121|162|3|333|108|-1|2|0|-1|3|-1|44|627|414|
9|9|1|5|9|9|0|9|5|8|9|9|9|8|5|7|-1|-1|133|162|-1|-1|108|-1|2|0|-1|-1|-1|2|96|221|
9|8|9|5|8|8|0|9|5|0|9|8|5|9|5|4|-1|0|-1|162|3|3|108|-1|2|15|-1|3|239|-1|96|144|
9|5|7|5|8|4|0|9|5|8|9|8|2|4|3|2|-1|93|435|162|3|162|108|-1|2|0|-1|3|260|192|6|200|
9|5|9|5|8|9|0|9|5|9|9|8|8|1|3|7|-1|236|-1|162|3|-1|12|-1|2|-1|-1|0|2|280|282|269|
3|5|9|5|8|5|0|9|5|8|9|8|2|1|3|4|179|93|-1|162|3|66|108|-1|2|0|-1|3|260|280|282|90|
9|5|1|5|8|2|0|5|0|0|9|8|2|4|4|8|-1|236|121|162|3|42|108|358|131|15|-1|3|260|200|116|2|
9|5|1|5|5|9|0|1|5|9|4|8|6|6|5|6|-1|93|121|162|72|-1|12|67|2|-1|360|3|636|227|96|484|
5|5|1|9|8|4|0|9|5|8|9|5|8|4|5|4|153|236|117|-1|3|79|12|-1|2|0|-1|269|2|44|96|144|
9|9|1|5|8|4|0|9|5|8|5|8|9|1|3|4|-1|-1|117|162|3|79|12|-1|2|0|20|3|-1|280|282|90|
9|5|1|5|5|1|0|9|3|8|9|8|8|8|5|0|-1|236|280|162|72|269|108|-1|79|0|-1|3|2|2|129|319|
5|5|9|5|8|9|0|9|4|8|9|8|6|0|5|0|237|236|-1|162|3|-1|139|-1|288|0|-1|3|636|335|129|319|
9|9|1|5|2|3|0|9|5|8|9|8|2|4|2|4|-1|-1|280|162|6|355|12|-1|2|0|-1|3|260|200|17|90|
9|2|5|5|8|9|0|9|5|8|8|8|6|6|5|6|-1|248|75|162|3|-1|108|-1|2|0|0|3|636|227|86|484|
7|5|9|5|8|4|0|9|5|8|5|8|6|6|5|6|0|236|-1|162|3|79|108|-1|2|0|20|3|636|227|96|484|
3|5|9|5|6|9|0|2|5|9|9|0|8|8|9|7|14|93|-1|162|447|-1|108|60|2|-1|-1|275|0|1|-1|221|
9|5|9|5|8|9|8|9|5|8|4|8|2|1|3|4|-1|236|-1|162|3|-1|0|-1|2|0|360|3|260|280|282|90|
3|1|9|5|8|9|0|4|5|8|9|8|8|1|3|4|179|328|-1|162|3|-1|12|113|2|0|-1|3|2|280|282|90|
0|4|1|5|8|5|0|9|4|4|6|9|9|7|6|7|236|29|117|162|3|66|270|-1|288|31|356|-1|-1|457|344|221|
6|5|1|5|8|9|8|9|5|9|9|8|2|4|4|8|582|236|117|162|3|-1|0|-1|2|-1|-1|3|260|161|116|2|
4|1|1|0|5|9|0|9|5|8|9|8|4|6|5|6|241|268|280|78|72|-1|12|-1|2|0|-1|3|351|227|96|484|
9|5|1|5|8|4|0|9|5|3|9|8|7|4|1|2|-1|93|133|162|3|25|12|-1|2|108|-1|3|237|200|203|200|
9|5|9|5|8|1|0|9|2|8|5|8|8|3|5|0|-1|236|-1|162|3|138|12|-1|18|0|20|3|2|206|129|319|
9|5|1|5|8|9|3|9|5|8|9|8|2|7|3|1|-1|236|117|162|3|-1|216|-1|2|0|-1|2|147|457|6|123|
9|5|3|5|8|8|0|9|5|8|9|8|9|3|9|7|-1|93|238|162|3|3|108|-1|2|0|-1|3|-1|209|-1|221|
9|8|1|2|8|8|0|9|5|8|9|8|7|4|4|8|-1|2|280|155|3|1|12|-1|2|0|-1|0|514|200|116|2|
9|8|9|5|8|9|0|9|5|8|9|8|1|9|0|0|-1|2|-1|162|3|-1|12|-1|2|0|-1|3|281|-1|115|319|
0|9|1|5|8|8|0|7|5|8|9|8|6|0|5|0|330|-1|121|162|3|3|139|257|2|0|-1|3|636|335|129|319|
8|5|9|5|8|4|0|9|5|8|9|8|6|0|3|4|0|236|-1|162|3|25|12|-1|2|0|-1|3|636|335|282|212|
9|5|1|5|5|9|0|9|5|0|9|8|6|6|9|7|-1|236|117|162|32|-1|12|-1|2|15|-1|3|636|227|-1|221|
9|5|1|5|4|5|0|5|5|9|3|5|8|4|5|7|-1|93|280|162|309|130|108|342|2|-1|12|161|2|44|274|221|
9|8|8|5|5|9|0|1|5|8|9|4|7|4|4|8|-1|0|0|162|72|-1|12|67|2|0|-1|66|285|192|116|2|
4|5|1|5|8|9|8|9|5|9|9|8|2|4|6|6|241|236|117|162|3|-1|0|-1|2|-1|-1|3|260|200|627|414|
9|9|3|5|2|9|0|2|5|8|9|9|8|2|4|8|-1|-1|310|162|6|-1|108|223|2|0|-1|-1|2|83|116|2|
1|5|1|5|8|9|0|9|5|3|9|0|2|4|5|2|147|236|117|162|3|-1|12|-1|2|146|-1|196|260|192|153|200|
1|5|7|5|8|4|0|9|5|8|9|3|6|4|6|7|147|236|489|162|3|127|108|-1|2|0|-1|131|636|44|344|221|
9|5|9|5|4|2|0|9|5|4|4|5|8|6|6|6|-1|236|-1|162|248|208|108|-1|2|38|360|269|2|227|627|414|
9|2|1|3|8|8|0|9|5|8|9|8|2|1|3|4|-1|118|280|314|3|3|108|-1|2|0|-1|3|260|280|282|90|
8|9|1|5|8|4|0|9|5|8|9|8|8|8|9|7|0|-1|121|162|3|79|12|-1|2|0|-1|3|2|2|-1|221|
9|5|1|5|3|4|2|2|5|5|5|8|6|5|0|6|-1|236|133|162|244|79|79|60|132|132|20|3|636|155|115|489|
7|2|9|5|8|9|0|9|5|0|7|8|9|1|9|6|294|248|-1|162|3|-1|12|-1|2|15|170|3|-1|291|-1|551|
9|2|1|5|8|3|0|9|5|8|9|8|6|0|3|4|-1|284|117|162|3|355|12|-1|2|0|-1|3|636|335|282|212|
3|9|1|5|8|4|0|9|0|8|9|8|7|1|3|2|204|-1|117|162|3|79|12|-1|360|0|-1|3|237|280|271|200|
9|5|1|5|8|3|0|9|6|8|9|8|8|8|5|0|-1|236|117|162|3|321|12|-1|504|0|-1|3|2|2|129|319|
9|5|1|5|5|9|0|9|7|8|9|8|9|4|1|3|-1|93|117|162|32|-1|108|-1|7|0|-1|3|-1|200|35|175|
2|5|9|5|8|8|0|9|5|8|9|5|8|4|3|2|242|236|-1|162|3|3|108|-1|2|0|-1|269|2|192|6|200|
8|5|1|5|0|4|0|9|5|8|9|8|9|6|6|6|1|93|121|162|37|79|139|-1|2|0|-1|3|-1|227|627|414|
9|5|9|5|8|9|3|8|5|3|9|8|7|1|9|8|-1|93|-1|162|3|-1|73|2|2|276|-1|0|285|280|-1|2|
2|5|8|5|2|1|0|9|5|8|9|8|9|9|4|4|65|93|3|162|6|346|108|-1|2|0|-1|3|-1|-1|346|144|
9|5|9|5|4|9|0|9|4|4|6|9|9|7|6|7|-1|93|-1|162|309|-1|12|-1|288|31|356|-1|-1|457|344|221|
3|1|1|5|8|9|2|9|5|8|5|8|7|7|3|1|179|328|121|162|3|-1|79|-1|2|0|20|3|349|457|6|123|
9|2|9|5|8|8|0|9|7|9|6|0|8|5|6|7|-1|248|-1|162|3|3|12|-1|417|-1|735|275|2|148|550|221|
9|5|8|5|5|1|5|0|5|8|0|0|4|6|3|4|-1|93|3|162|72|269|133|339|2|0|113|275|33|227|282|212|
9|5|3|5|0|1|0|9|5|8|9|0|8|9|3|2|-1|93|238|162|37|245|139|-1|2|0|-1|275|2|-1|6|200|
9|5|9|5|8|5|0|9|5|8|9|8|6|0|3|4|-1|236|-1|162|3|66|139|-1|2|0|-1|3|636|335|282|90|
3|2|1|5|8|4|0|2|5|5|7|8|8|4|5|4|110|118|117|162|3|79|12|223|2|166|170|3|2|192|96|144|
9|5|3|5|2|9|0|9|0|0|9|8|2|1|7|0|-1|93|47|162|6|-1|108|-1|205|15|-1|3|260|221|280|319|
9|2|1|5|8|4|0|9|5|8|5|2|2|4|3|2|-1|118|117|162|3|79|108|-1|2|0|20|240|260|200|6|200|
7|1|1|5|8|9|0|9|0|8|5|8|2|4|5|0|81|328|117|162|3|-1|108|-1|360|0|20|3|260|200|129|319|
9|5|9|5|1|8|0|9|0|8|9|3|9|2|3|4|-1|236|-1|162|207|3|108|-1|360|0|-1|40|-1|204|282|90|
9|5|1|7|8|4|0|9|5|8|5|8|6|6|2|4|-1|236|133|200|3|333|108|-1|132|0|20|3|636|227|17|90|
5|5|1|5|2|3|0|9|5|3|9|2|2|6|5|6|237|93|280|162|6|355|108|-1|2|146|-1|240|260|227|96|484|
9|8|8|5|2|9|3|8|5|0|9|8|6|1|3|4|-1|0|0|162|95|-1|77|2|2|15|-1|3|636|280|282|90|
9|5|1|5|2|5|0|9|4|8|2|8|8|9|3|2|-1|93|117|162|162|135|108|-1|288|0|240|3|2|-1|6|200|
1|5|1|5|8|9|0|1|5|8|9|8|5|9|5|4|147|236|117|162|3|-1|12|67|2|0|-1|0|239|-1|96|144|
0|2|4|5|4|9|3|9|9|0|9|8|9|8|3|4|236|301|92|162|253|-1|216|-1|-1|15|-1|3|-1|2|282|212|
9|5|1|5|8|9|2|9|5|8|0|8|9|2|8|6|-1|93|121|162|3|-1|20|-1|2|0|113|3|-1|83|3|414|
2|5|2|5|8|9|0|9|5|8|5|0|2|1|4|4|114|236|205|162|3|-1|108|-1|2|0|20|196|260|97|134|360|
3|5|1|5|2|4|0|9|5|8|9|8|9|9|2|7|110|236|117|162|6|79|108|-1|132|0|-1|3|-1|-1|91|756|
9|5|1|5|2|4|0|9|5|9|9|0|6|6|5|6|-1|236|280|162|299|333|108|-1|2|-1|-1|150|636|227|96|484|
9|5|3|5|8|9|5|2|5|8|9|8|8|4|6|6|-1|93|47|162|3|-1|1|229|2|0|-1|3|2|44|627|414|
9|5|1|5|8|9|8|9|7|0|9|8|9|9|6|4|-1|236|117|162|3|-1|0|-1|474|261|-1|3|-1|-1|653|260|
9|5|1|5|8|9|2|9|5|4|6|9|9|7|0|0|-1|93|121|162|3|-1|134|-1|2|31|356|-1|-1|457|115|319|
9|5|1|5|1|4|0|6|5|0|4|8|2|7|3|4|-1|236|280|162|212|79|12|795|2|15|301|0|260|457|282|90|
9|5|1|5|2|9|1|9|5|8|7|1|2|5|3|1|-1|93|280|162|6|-1|157|-1|2|0|332|34|260|148|6|355|
9|5|3|5|0|4|0|9|5|8|9|8|8|4|5|7|-1|93|238|162|37|79|108|-1|2|0|-1|0|2|44|274|221|
9|5|1|5|8|0|0|9|5|5|9|8|2|7|3|1|-1|93|280|162|3|318|12|-1|2|229|-1|2|147|457|6|123|
9|5|9|5|2|9|0|9|5|8|9|8|6|6|6|6|-1|236|-1|162|6|-1|108|-1|2|0|-1|3|636|227|627|414|
9|5|1|3|8|9|0|9|5|8|9|8|7|4|6|6|-1|236|117|177|3|-1|108|-1|2|0|-1|3|237|44|627|414|
9|5|9|5|8|1|0|9|5|4|9|8|7|9|3|4|-1|236|-1|162|3|138|12|-1|2|195|-1|3|285|-1|282|212|
9|5|1|5|8|5|3|0|5|8|9|8|9|4|6|6|-1|236|117|162|3|133|216|339|2|0|-1|3|-1|44|627|414|
9|4|3|5|8|2|0|9|5|8|9|8|7|1|3|4|-1|295|116|162|3|208|12|-1|2|0|-1|3|237|280|282|90|
1|5|1|5|8|9|8|9|2|8|9|8|5|9|3|0|147|93|121|162|3|-1|0|-1|18|0|-1|3|25|-1|297|319|
9|5|1|5|8|9|0|9|5|8|9|0|0|9|0|0|-1|236|117|162|3|-1|108|-1|2|0|-1|275|315|-1|115|319|
9|5|1|1|5|1|5|8|5|8|9|8|6|6|5|6|-1|236|280|203|72|269|133|2|2|0|-1|3|636|227|220|484|
9|5|1|5|8|8|0|9|5|8|9|9|7|9|3|9|-1|93|121|162|3|3|108|-1|2|0|-1|-1|514|-1|282|-1|
