5|5|5|5|8|4|0|9|9|9|9|9|0|3|5|5|237|258|218|324|3|18|12|-1|-1|-1|-1|-1|75|243|295|96|
3|5|5|5|8|4|5|9|9|9|9|9|0|3|5|5|213|258|218|324|3|18|322|-1|-1|-1|-1|-1|75|243|295|96|
5|5|5|5|8|4|0|9|9|9|9|9|7|7|4|5|237|258|218|324|3|18|12|-1|-1|-1|-1|-1|418|509|67|224|
9|5|5|0|0|4|0|9|9|3|9|9|7|7|4|5|-1|258|218|219|212|18|12|-1|-1|6|-1|-1|418|509|67|224|
5|5|0|5|8|4|0|9|9|9|9|9|6|3|5|8|237|258|19|324|3|242|12|-1|-1|-1|-1|-1|618|243|167|2|
5|5|5|5|0|4|0|9|4|9|9|1|6|7|5|8|237|258|218|324|175|18|12|-1|91|-1|-1|69|33|509|1|2|
5|5|5|5|8|4|0|9|9|9|9|3|9|3|7|5|217|258|218|61|3|18|12|-1|-1|-1|-1|136|-1|353|556|140|
5|5|0|5|8|4|0|8|4|1|9|9|6|3|3|8|237|258|19|324|3|18|12|1|263|105|-1|-1|618|243|70|2|
1|5|0|5|8|4|0|9|9|9|9|4|9|0|7|7|202|258|335|324|3|18|12|-1|-1|-1|-1|15|-1|337|556|636|
3|5|5|5|8|4|0|9|9|6|9|0|0|3|5|8|44|258|66|324|3|18|12|-1|-1|749|-1|1|318|33|167|2|
5|5|0|5|8|4|5|9|9|9|9|1|0|2|5|4|237|258|73|144|2|35|322|-1|-1|-1|-1|139|318|139|164|163|
0|5|5|5|4|4|0|9|9|9|9|4|6|4|6|9|139|258|218|61|269|18|12|-1|-1|-1|-1|259|33|148|292|-1|
9|5|1|5|8|4|0|9|9|9|9|9|7|7|4|5|-1|258|330|324|3|18|12|-1|-1|-1|-1|-1|418|509|67|224|
3|5|5|5|8|4|0|9|0|9|9|9|4|6|3|2|44|258|218|324|3|230|12|-1|294|-1|-1|-1|141|358|305|337|
5|5|5|5|2|4|5|9|0|9|9|9|6|7|5|5|217|258|218|144|140|35|322|-1|319|-1|-1|-1|588|281|295|96|
3|5|5|5|8|0|0|9|4|9|9|9|5|2|7|5|188|258|218|61|3|164|12|-1|70|-1|-1|-1|64|108|800|96|
5|5|9|5|8|4|0|9|9|9|9|9|0|0|6|3|103|258|-1|324|3|18|12|-1|-1|-1|-1|-1|75|337|74|155|
5|5|5|5|8|4|0|0|4|9|9|5|0|6|3|2|217|258|218|61|3|18|12|98|351|-1|-1|259|70|358|305|337|
5|5|5|5|0|0|0|9|1|9|9|9|1|1|7|8|237|258|218|324|175|205|12|-1|36|-1|-1|-1|189|245|390|2|
7|5|5|0|0|4|0|9|9|9|9|1|1|1|9|6|472|258|218|147|175|18|12|-1|-1|-1|-1|114|189|299|-1|74|
5|5|5|5|8|4|0|9|9|9|9|9|7|7|4|5|237|147|218|61|3|18|12|-1|-1|-1|-1|-1|418|509|67|224|
5|3|8|5|2|4|0|9|9|9|9|1|6|7|5|3|237|4|3|61|351|173|12|-1|-1|-1|-1|139|588|281|1|168|
0|5|0|5|8|4|0|9|0|9|9|4|6|0|0|5|139|258|19|324|3|18|12|-1|294|-1|-1|15|33|337|281|140|
5|5|0|5|8|4|0|9|9|9|4|9|1|3|5|0|237|258|19|324|3|18|12|-1|-1|-1|107|-1|189|50|164|315|
5|5|5|5|9|4|1|9|9|9|9|4|6|0|5|9|103|258|218|61|-1|242|214|-1|-1|-1|-1|15|709|337|1|-1|
9|5|5|5|8|4|2|9|8|3|9|9|4|1|4|4|-1|258|10|324|3|175|248|-1|0|322|-1|-1|141|145|75|232|
5|5|5|5|8|4|0|9|9|9|9|5|8|2|5|8|237|258|218|61|3|18|12|-1|-1|-1|-1|259|0|132|1|2|
3|5|2|4|8|4|0|9|5|9|9|9|9|7|5|8|44|258|310|22|3|18|12|-1|63|-1|-1|-1|-1|509|164|3|
5|0|6|9|8|4|1|9|9|9|9|9|9|0|3|3|237|323|154|-1|3|18|183|-1|-1|-1|-1|-1|-1|144|305|51|
5|2|3|5|8|4|0|0|4|9|9|4|5|0|5|9|237|82|330|61|3|35|12|330|263|-1|-1|15|315|337|1|-1|
5|5|5|5|8|4|0|9|9|9|9|9|0|1|7|5|237|258|218|61|3|18|12|-1|-1|-1|-1|-1|49|245|556|140|
1|5|3|6|8|4|0|9|9|9|9|9|7|7|4|5|270|258|308|13|3|18|12|-1|-1|-1|-1|-1|418|509|67|224|
5|5|5|5|8|4|0|5|9|9|9|4|6|4|4|5|103|258|218|73|3|18|12|194|-1|-1|-1|259|33|148|27|116|
3|5|5|5|8|4|6|9|9|9|9|9|7|7|6|9|213|258|218|179|3|18|747|-1|-1|-1|-1|-1|418|509|292|-1|
5|5|5|5|8|4|0|9|9|9|9|4|0|0|4|5|237|258|218|61|3|18|12|-1|-1|-1|-1|15|70|337|67|224|
8|0|9|3|8|4|0|9|0|9|9|9|4|3|9|7|0|114|-1|160|3|18|12|-1|294|-1|-1|-1|141|50|-1|558|
9|5|1|5|8|4|4|9|9|9|9|9|4|3|7|3|-1|258|330|73|3|35|146|-1|-1|-1|-1|-1|10|243|74|271|
5|5|5|6|8|4|0|9|0|9|9|4|6|1|5|8|259|258|218|13|3|18|12|-1|294|-1|-1|15|588|145|1|2|
9|5|0|5|8|4|1|9|9|4|9|6|9|3|5|8|-1|258|19|324|3|18|183|-1|-1|197|-1|529|-1|274|167|2|
0|5|0|0|8|4|0|8|9|0|1|9|8|1|9|6|139|258|19|147|3|18|12|1|-1|71|192|-1|0|299|-1|74|
5|5|5|5|8|4|0|9|9|1|9|1|1|2|4|4|237|147|218|61|3|18|12|-1|-1|163|-1|114|189|132|75|232|
9|5|0|0|8|4|0|8|9|0|1|9|8|3|5|5|-1|258|19|147|3|18|12|1|-1|71|192|-1|0|243|295|96|
2|5|5|6|8|8|0|9|0|9|5|5|8|2|4|4|225|258|10|502|3|3|12|-1|294|-1|158|259|0|132|75|232|
9|5|5|5|5|2|0|9|9|9|9|9|0|3|7|8|-1|258|218|324|320|325|12|-1|-1|-1|-1|-1|75|243|556|2|
0|5|5|5|8|5|0|9|4|9|9|9|0|2|5|8|139|258|218|61|3|203|12|-1|263|-1|-1|-1|318|218|164|3|
0|5|5|5|8|4|4|9|9|8|9|9|1|3|5|8|139|258|10|324|3|175|188|-1|-1|3|-1|-1|76|243|167|2|
5|5|5|6|8|4|2|9|3|9|7|9|4|7|5|3|237|258|218|13|3|18|248|-1|205|-1|590|-1|141|281|1|168|
5|5|5|5|8|4|0|4|9|3|9|4|6|7|7|5|103|258|218|144|2|35|12|232|-1|6|-1|15|618|509|556|140|
5|5|0|5|0|4|9|9|0|9|5|9|6|7|7|5|103|258|335|324|175|18|-1|-1|294|-1|158|-1|618|281|800|96|
3|5|5|5|8|4|0|9|9|9|9|9|0|2|4|4|188|258|10|324|3|18|12|-1|-1|-1|-1|-1|75|132|75|232|
0|5|5|5|8|4|0|9|9|9|9|9|6|3|5|5|139|258|218|61|3|18|12|-1|-1|-1|-1|-1|588|274|295|96|
5|9|5|5|9|0|0|9|9|9|9|9|0|3|5|5|237|-1|218|324|-1|31|12|-1|-1|-1|-1|-1|75|243|295|96|
0|5|5|5|8|4|0|9|9|9|9|9|8|6|5|8|139|258|218|61|3|18|12|-1|-1|-1|-1|-1|3|491|167|2|
5|5|5|5|2|4|0|7|8|0|2|9|8|3|4|5|237|258|218|324|25|35|12|524|0|71|187|-1|0|274|27|116|
8|5|5|5|0|0|0|9|9|9|5|4|0|0|4|5|0|258|218|324|175|205|12|-1|-1|-1|207|15|70|337|27|116|
2|5|5|5|9|4|0|8|8|9|9|9|1|3|5|5|225|258|218|73|-1|18|12|2|0|-1|-1|-1|29|33|295|96|
5|5|0|0|8|5|1|9|9|0|1|9|8|2|6|3|103|258|19|147|3|295|208|-1|-1|71|192|-1|0|132|74|155|
5|2|5|5|9|4|0|9|9|9|9|5|1|3|4|5|103|218|218|73|-1|18|12|-1|-1|-1|-1|259|189|274|67|224|
5|5|0|5|5|5|0|5|8|5|9|9|9|0|7|5|237|258|284|324|320|353|44|93|0|150|-1|-1|-1|337|800|96|
5|5|0|0|0|8|0|9|9|9|3|9|6|3|5|5|237|258|73|219|175|3|12|-1|-1|-1|95|-1|588|274|295|96|
5|5|0|5|8|3|0|9|9|9|6|8|8|7|8|8|103|258|335|324|3|109|12|-1|-1|-1|713|1|3|509|0|2|
2|7|5|5|8|4|0|8|0|9|9|9|5|3|7|4|178|12|218|324|3|18|12|1|294|-1|-1|-1|285|274|556|122|
5|5|5|5|8|4|8|9|1|9|1|8|3|3|8|5|237|20|218|324|3|18|3|-1|36|-1|23|1|196|274|2|96|
5|5|5|5|8|4|6|9|8|9|9|7|9|2|7|3|237|258|218|324|3|18|633|-1|2|-1|-1|328|-1|202|74|271|
1|5|1|5|8|4|0|9|2|9|9|9|6|2|6|3|162|258|330|324|3|18|12|-1|87|-1|-1|-1|33|108|74|155|
5|5|5|5|8|4|7|9|9|9|9|9|6|3|5|8|103|258|218|324|3|18|31|-1|-1|-1|-1|-1|618|243|167|2|
5|5|0|5|8|2|0|9|5|9|9|1|8|3|5|5|237|258|19|324|3|41|12|-1|266|-1|-1|139|3|274|295|96|
3|5|5|5|8|4|0|9|1|0|9|4|9|6|5|5|44|258|10|324|3|35|12|-1|81|92|-1|105|-1|491|295|96|
5|5|1|5|8|4|0|9|9|1|9|5|9|6|3|2|237|258|330|324|2|18|12|-1|-1|56|-1|348|-1|358|305|337|
0|5|5|5|8|4|2|9|6|4|9|4|9|7|5|4|139|258|218|61|3|18|42|-1|275|40|-1|15|-1|281|295|302|
1|5|5|5|8|4|0|9|2|9|9|9|4|3|7|8|64|258|218|324|3|18|12|-1|87|-1|-1|-1|141|274|556|2|
5|3|0|1|8|5|1|3|9|9|9|9|6|0|5|8|237|163|19|242|3|86|183|198|-1|-1|-1|-1|588|168|235|2|
3|5|5|5|9|4|1|9|9|9|9|4|0|0|6|9|188|258|218|61|-1|242|214|-1|-1|-1|-1|15|70|337|292|-1|
5|2|5|5|5|5|0|5|7|9|9|9|8|6|5|8|237|218|218|324|320|353|44|93|678|-1|-1|-1|0|491|167|2|
3|5|5|5|8|4|0|9|8|5|9|9|9|3|5|5|44|258|218|324|3|18|12|-1|0|150|-1|-1|-1|243|295|96|
1|5|5|0|0|4|1|9|8|9|9|9|9|7|5|8|64|258|218|219|175|18|183|-1|0|-1|-1|-1|-1|509|164|3|
5|5|5|5|5|2|0|9|9|9|9|9|6|6|7|5|237|258|218|324|320|325|12|-1|-1|-1|-1|-1|618|491|556|140|
5|5|5|5|1|9|0|9|9|9|9|9|0|2|5|8|259|258|218|73|130|-1|12|-1|-1|-1|-1|-1|318|177|167|2|
9|5|0|5|5|4|0|9|9|9|9|9|9|3|4|5|-1|258|19|324|320|18|12|-1|-1|-1|-1|-1|-1|243|27|116|
5|5|5|5|9|4|1|9|9|9|9|9|8|6|5|8|237|147|218|61|-1|18|208|-1|-1|-1|-1|-1|3|491|167|2|
5|5|5|6|8|4|1|9|4|9|9|4|6|7|7|6|237|258|218|13|3|18|183|-1|263|-1|-1|15|618|281|800|663|
5|5|5|5|9|4|0|7|9|9|9|9|0|3|5|5|237|258|218|324|-1|18|12|786|-1|-1|-1|-1|75|243|295|96|
5|5|5|5|8|3|7|9|9|9|9|5|3|7|3|3|237|258|218|324|3|86|31|-1|-1|-1|-1|259|170|784|271|51|
5|5|2|8|8|5|0|9|8|3|9|5|8|3|4|5|237|258|240|1|3|198|12|-1|0|6|-1|348|0|274|27|116|
5|5|5|5|0|7|0|9|9|3|9|4|6|3|5|8|237|258|218|324|175|8|12|-1|-1|6|-1|201|588|274|167|2|
5|5|5|5|8|4|0|9|9|9|9|9|0|3|5|5|237|242|218|61|3|18|12|-1|-1|-1|-1|-1|75|243|295|96|
2|5|4|2|8|4|0|9|9|9|9|9|6|0|7|5|225|258|11|103|1|18|12|-1|-1|-1|-1|-1|33|337|556|140|
9|0|6|9|8|4|2|9|6|4|9|4|9|7|5|5|-1|323|154|-1|3|18|42|-1|275|40|-1|15|-1|281|295|96|
5|5|5|5|8|4|1|9|4|9|9|9|0|3|5|8|237|258|218|324|3|18|183|-1|263|-1|-1|-1|318|50|164|3|
7|5|5|5|8|4|0|0|4|9|9|9|9|3|9|7|12|258|218|144|3|18|12|221|263|-1|-1|-1|-1|274|-1|558|
3|5|5|5|1|4|0|9|8|9|9|9|5|3|2|8|44|258|218|61|232|18|12|-1|0|-1|-1|-1|128|243|259|2|
2|5|5|0|0|4|7|9|4|6|9|9|7|7|7|5|225|258|218|219|175|18|36|-1|91|727|-1|-1|418|509|800|96|
5|5|5|5|9|4|0|6|9|9|9|1|1|0|3|9|237|147|218|61|-1|242|12|42|-1|-1|-1|139|189|337|55|-1|
3|5|5|5|8|4|0|9|9|9|9|9|0|3|5|5|213|258|218|324|3|18|12|-1|-1|-1|-1|-1|75|243|295|96|
5|5|5|5|8|4|5|9|9|9|9|9|7|7|4|5|237|258|218|324|3|18|322|-1|-1|-1|-1|-1|418|509|67|224|
8|0|9|5|8|4|0|9|9|6|9|9|0|0|8|8|0|114|-1|324|3|18|12|-1|-1|677|-1|-1|318|337|2|1|
5|5|5|3|8|4|0|9|2|4|9|4|0|3|7|3|103|258|218|160|3|18|12|-1|87|140|-1|15|70|50|74|271|
9|5|0|5|8|4|0|9|9|4|9|9|7|7|4|5|-1|258|19|324|3|242|12|-1|-1|286|-1|-1|418|509|67|224|
5|5|5|0|0|4|0|9|9|3|9|9|6|3|5|8|237|258|218|219|212|18|12|-1|-1|6|-1|-1|618|243|167|2|
5|5|5|5|8|4|0|9|4|9|9|1|6|7|5|8|237|258|218|61|3|18|12|-1|91|-1|-1|69|33|509|1|2|
