5|5|5|1|8|9|0|9|5|9|9|9|0|2|8|7|332|303|166|213|3|-1|12|-1|62|-1|-1|-1|231|125|1|61|
1|5|3|1|8|9|0|9|5|9|9|9|0|2|8|7|85|96|165|213|3|-1|12|-1|62|-1|-1|-1|231|125|1|61|
5|5|5|9|8|9|0|9|9|9|9|9|0|3|8|5|332|303|166|-1|3|-1|12|-1|-1|-1|-1|-1|231|246|1|103|
4|5|8|9|1|9|0|9|5|9|9|9|0|3|6|5|179|303|3|-1|185|-1|12|-1|34|-1|-1|-1|231|247|443|315|
4|0|1|4|8|9|0|5|5|9|9|9|6|3|8|4|179|343|128|284|3|-1|12|101|34|-1|-1|-1|103|54|2|224|
9|0|1|5|8|9|6|9|9|9|9|9|6|3|8|3|-1|343|298|208|3|-1|441|-1|-1|-1|-1|-1|103|54|1|247|
5|5|5|4|5|0|8|9|5|4|9|9|3|2|8|7|332|41|320|268|313|17|2|-1|34|41|-1|-1|242|125|1|61|
4|0|5|1|8|9|0|9|5|9|5|9|0|2|8|7|179|343|246|213|3|-1|12|-1|62|-1|272|-1|231|125|1|61|
5|5|5|9|9|9|0|5|5|9|5|2|0|2|8|7|332|303|166|-1|-1|-1|12|101|62|-1|272|348|231|125|1|61|
5|4|3|9|8|9|5|9|9|4|9|9|0|9|8|2|332|90|273|-1|3|-1|153|-1|-1|144|-1|-1|231|-1|2|217|
5|5|5|9|8|9|9|9|9|9|9|9|5|1|3|2|332|141|166|-1|3|-1|-1|-1|-1|-1|-1|-1|309|143|123|318|
4|0|0|9|9|9|0|5|9|9|9|9|0|2|8|4|179|343|1|-1|-1|-1|12|101|-1|-1|-1|-1|185|125|2|224|
5|5|9|9|8|9|0|9|9|5|9|0|0|2|2|3|332|96|-1|-1|3|-1|12|-1|-1|92|-1|225|231|125|330|336|
5|5|4|4|9|9|0|9|9|9|9|9|0|0|6|5|332|96|331|268|-1|-1|12|-1|-1|-1|-1|-1|231|321|443|338|
5|5|5|1|8|9|7|9|5|9|5|9|8|2|8|3|332|303|166|213|3|-1|79|-1|34|-1|125|-1|2|125|2|336|
3|5|9|5|8|9|1|9|9|9|9|9|0|3|8|9|330|141|-1|193|3|-1|83|-1|-1|-1|-1|-1|231|246|1|-1|
5|5|9|9|8|9|2|9|9|9|9|5|7|1|8|2|237|303|-1|-1|3|-1|18|-1|-1|-1|-1|35|710|143|1|191|
4|5|3|9|8|9|0|9|5|9|9|9|6|3|8|4|179|96|273|-1|3|-1|12|-1|34|-1|-1|-1|103|54|2|224|
5|5|9|1|8|5|0|9|5|9|9|9|6|9|8|7|332|141|-1|79|3|308|12|-1|34|-1|-1|-1|103|-1|1|61|
5|5|3|5|8|9|1|9|1|9|9|9|7|5|8|4|332|96|165|193|3|-1|39|-1|47|-1|-1|-1|700|302|2|224|
5|5|0|9|8|9|0|0|9|9|6|5|0|4|8|3|332|141|1|-1|3|-1|12|94|-1|-1|111|198|185|84|2|336|
4|9|1|9|8|9|8|9|9|9|9|9|5|3|8|9|179|-1|351|-1|3|-1|0|-1|-1|-1|-1|-1|309|246|1|-1|
5|5|5|9|0|5|0|4|5|9|9|9|0|2|3|3|237|96|234|-1|146|48|12|208|34|-1|-1|-1|185|125|350|336|
5|5|8|5|4|9|9|9|9|9|9|5|6|9|8|2|332|303|1|193|307|-1|-1|-1|-1|-1|-1|198|103|-1|2|217|
5|0|4|4|8|9|0|5|9|9|9|9|6|6|4|5|332|343|167|268|3|-1|12|101|-1|-1|-1|-1|103|755|306|318|
6|5|2|9|5|9|0|9|6|9|9|9|6|2|8|7|649|303|76|-1|313|-1|12|-1|161|-1|-1|-1|103|125|1|61|
5|5|1|0|8|9|0|9|9|9|9|9|7|2|7|5|332|303|53|312|3|-1|12|-1|-1|-1|-1|-1|67|176|253|103|
5|5|8|9|8|9|0|5|5|9|9|9|7|2|3|2|332|303|3|-1|3|-1|12|101|34|-1|-1|-1|67|125|123|318|
5|5|9|9|1|9|0|9|3|9|9|9|3|2|8|7|332|141|-1|-1|185|-1|12|-1|200|-1|-1|-1|242|125|1|61|
5|5|5|5|8|9|0|5|9|9|9|9|5|4|8|3|332|96|166|324|3|-1|12|101|-1|-1|-1|-1|304|171|1|247|
1|5|5|4|8|9|0|0|5|9|9|9|1|2|8|7|329|303|166|268|3|-1|12|94|270|-1|-1|-1|288|125|1|61|
5|5|5|9|8|9|0|9|9|5|9|9|3|2|8|7|237|303|166|-1|3|-1|12|-1|-1|92|-1|-1|242|125|1|61|
5|5|9|9|8|9|0|9|9|9|9|0|0|2|3|2|332|96|-1|-1|3|-1|12|-1|-1|-1|-1|225|231|12|123|318|
5|5|5|5|8|9|9|9|0|9|9|5|6|6|0|5|332|96|166|193|3|-1|-1|-1|84|-1|-1|198|103|755|157|318|
5|5|5|9|8|5|0|9|9|5|9|5|0|5|8|7|332|303|246|-1|3|308|12|-1|-1|92|-1|193|231|85|1|61|
6|5|5|5|8|9|0|9|9|9|9|9|3|6|8|5|630|303|246|193|1|-1|12|-1|-1|-1|-1|-1|270|172|1|103|
5|5|4|5|8|9|0|9|5|9|9|9|0|1|8|3|332|303|331|303|3|-1|12|-1|34|-1|-1|-1|184|143|2|336|
4|5|5|1|8|9|0|0|9|9|9|9|6|4|8|5|179|303|166|213|3|-1|12|94|-1|-1|-1|-1|103|285|1|79|
5|9|5|9|8|9|0|9|5|9|9|5|6|9|8|7|237|-1|166|-1|3|-1|12|-1|34|-1|-1|198|103|-1|1|61|
5|5|0|4|8|9|0|0|5|9|9|9|7|2|3|2|332|141|1|268|3|-1|12|94|34|-1|-1|-1|67|125|123|318|
5|5|9|9|8|9|2|9|8|9|9|9|7|5|0|5|332|141|-1|-1|3|-1|343|-1|3|-1|-1|-1|700|302|157|318|
5|5|5|9|8|9|0|5|5|9|9|4|6|3|8|3|332|96|246|-1|3|-1|12|101|34|-1|-1|207|103|54|2|336|
5|5|5|9|8|0|0|5|4|9|9|9|8|2|4|3|332|303|166|-1|3|222|12|101|94|-1|-1|-1|1|125|11|247|
4|5|5|9|8|9|0|9|9|5|9|9|0|2|8|2|179|303|246|-1|3|-1|12|-1|-1|92|-1|-1|231|284|2|217|
4|5|5|5|8|9|1|9|5|9|9|5|7|1|8|2|138|303|246|193|3|-1|83|-1|88|-1|-1|35|710|143|1|191|
4|5|8|5|4|9|1|9|9|9|9|5|7|1|8|3|179|303|1|193|307|-1|151|-1|-1|-1|-1|35|710|143|2|336|
5|5|6|9|8|9|3|9|9|9|7|9|0|3|8|2|332|303|604|-1|3|-1|184|-1|-1|-1|194|-1|249|54|1|191|
5|5|3|9|8|5|0|5|5|9|9|9|5|1|3|2|332|303|273|-1|3|141|12|101|34|-1|-1|-1|309|143|123|318|
5|5|5|1|8|1|9|9|9|9|5|9|8|2|8|7|332|96|166|213|3|173|-1|-1|-1|-1|125|-1|2|125|1|311|
5|0|4|4|8|9|0|5|2|9|9|2|6|6|5|5|332|343|167|268|3|-1|12|101|223|-1|-1|340|103|755|327|338|
5|5|6|9|8|5|0|9|7|9|9|9|0|2|8|7|332|303|794|-1|3|308|12|-1|527|-1|-1|-1|185|125|1|61|
5|5|5|4|8|9|0|5|5|2|9|6|6|2|9|2|332|303|246|268|3|-1|12|101|34|283|-1|125|103|125|-1|217|
4|5|5|4|5|9|0|9|9|9|6|9|7|5|8|3|179|303|166|268|313|-1|12|-1|-1|-1|152|-1|700|302|1|247|
5|5|5|9|9|9|0|9|9|9|9|9|6|6|6|4|332|303|166|-1|-1|-1|12|-1|-1|-1|-1|-1|103|204|76|224|
4|0|5|0|7|5|0|9|8|9|9|9|3|1|8|3|238|343|166|68|363|83|12|-1|1|-1|-1|-1|270|143|2|336|
5|5|5|9|7|9|0|0|9|9|9|9|7|6|8|7|332|96|166|-1|273|-1|12|94|-1|-1|-1|-1|597|755|1|61|
5|5|5|9|4|0|0|9|5|1|1|9|8|9|8|5|332|96|166|-1|340|17|12|-1|34|269|291|-1|1|-1|1|103|
5|5|5|9|1|6|0|2|1|9|9|9|5|2|0|7|332|96|166|-1|185|640|12|114|76|-1|-1|-1|117|125|157|408|
5|5|9|4|9|9|0|5|9|9|9|9|3|1|8|3|237|303|-1|268|-1|-1|12|101|-1|-1|-1|-1|270|143|2|336|
5|5|8|9|1|9|8|8|9|9|9|9|0|2|0|5|332|303|3|-1|185|-1|1|0|-1|-1|-1|-1|231|125|31|318|
1|5|5|5|8|9|2|0|9|9|1|7|5|3|8|4|329|303|166|324|3|-1|343|94|-1|-1|196|360|309|54|2|224|
5|3|5|5|8|4|0|5|5|9|9|1|6|3|8|4|16|277|166|324|3|139|12|101|34|-1|-1|323|103|54|2|224|
5|1|8|9|2|9|0|9|9|9|9|9|5|2|8|5|332|218|2|-1|291|-1|12|-1|-1|-1|-1|-1|126|125|1|163|
5|7|5|9|8|0|5|0|9|9|9|9|5|2|3|2|237|183|166|-1|3|189|214|94|-1|-1|-1|-1|309|125|179|318|
5|5|5|9|2|9|0|9|5|9|9|9|0|6|8|5|341|96|166|-1|243|-1|12|-1|34|-1|-1|-1|231|755|1|103|
5|5|2|9|9|9|0|9|9|9|9|9|8|2|7|5|332|96|248|-1|-1|-1|12|-1|-1|-1|-1|-1|0|125|514|318|
5|5|1|4|8|6|8|9|5|9|9|6|6|2|8|7|332|96|351|268|3|727|2|-1|34|-1|-1|373|103|125|1|61|
5|5|5|9|8|9|0|9|9|9|9|9|0|3|1|3|237|303|166|-1|3|-1|12|-1|-1|-1|-1|-1|231|246|321|247|
1|5|4|5|1|9|0|9|5|9|9|9|0|3|8|9|151|96|167|193|185|-1|12|-1|34|-1|-1|-1|231|246|1|-1|
5|5|3|1|8|5|0|9|5|9|9|9|6|3|8|4|332|96|273|79|3|308|12|-1|34|-1|-1|-1|103|54|2|224|
1|5|5|0|2|9|0|5|5|9|9|9|0|2|8|5|85|303|246|150|48|-1|12|101|34|-1|-1|-1|231|125|2|249|
5|5|0|9|5|0|5|0|9|9|4|9|3|9|8|3|332|141|1|-1|124|189|214|94|-1|-1|199|-1|242|-1|1|247|
5|5|1|4|8|6|0|9|9|9|9|9|5|1|3|3|332|251|128|284|3|607|12|-1|-1|-1|-1|-1|309|143|123|267|
5|5|6|9|8|9|0|9|5|4|1|9|8|9|5|4|332|303|604|-1|3|-1|12|-1|34|19|291|-1|1|-1|145|224|
5|5|0|9|4|0|3|5|5|9|9|9|0|2|8|7|332|141|1|-1|340|17|184|261|62|-1|-1|-1|185|125|1|61|
9|6|9|9|8|9|0|9|9|9|9|9|3|1|8|3|-1|349|-1|-1|3|-1|12|-1|-1|-1|-1|-1|270|143|2|336|
5|5|9|9|9|9|0|9|5|9|9|9|0|3|6|2|332|303|-1|-1|-1|-1|12|-1|62|-1|-1|-1|231|246|408|318|
4|5|0|9|0|9|0|5|9|9|9|9|3|2|5|4|179|303|1|-1|150|-1|12|101|-1|-1|-1|-1|242|125|145|224|
5|5|5|9|8|9|0|9|9|9|9|9|3|1|8|3|332|303|166|-1|3|-1|12|-1|-1|-1|-1|-1|270|143|2|336|
5|5|0|9|9|9|0|5|9|9|9|0|0|2|8|4|237|303|1|-1|-1|-1|12|101|-1|-1|-1|225|231|125|2|224|
5|5|9|9|8|9|0|9|9|5|2|5|0|9|8|4|332|96|-1|-1|3|-1|12|-1|-1|92|47|99|231|-1|2|224|
5|1|5|9|8|7|0|9|5|9|9|9|6|3|8|4|332|218|166|-1|3|298|12|-1|34|-1|-1|-1|103|54|2|224|
5|7|5|9|0|5|0|9|9|9|9|9|7|6|3|3|332|770|166|-1|146|48|12|-1|-1|-1|-1|-1|597|755|123|267|
6|5|5|9|8|9|0|9|9|9|2|5|0|9|8|3|303|303|246|-1|3|-1|12|-1|-1|-1|47|99|231|-1|1|247|
4|5|4|9|2|9|0|9|6|9|9|9|6|3|8|5|138|303|331|-1|161|-1|12|-1|163|-1|-1|-1|103|246|2|249|
5|1|5|5|8|9|0|9|9|9|9|9|5|9|8|2|332|218|246|324|3|-1|12|-1|-1|-1|-1|-1|309|-1|2|217|
5|5|5|9|0|5|3|9|9|9|9|5|7|2|8|7|332|303|166|-1|146|48|19|-1|-1|-1|-1|193|67|125|1|61|
4|0|5|9|2|9|0|9|6|9|9|9|0|5|8|7|179|343|246|-1|342|-1|12|-1|516|-1|-1|-1|231|85|1|61|
8|5|4|9|2|9|0|9|5|9|9|5|7|1|3|2|2|303|331|-1|161|-1|12|-1|34|-1|-1|35|67|153|179|318|
5|5|3|1|6|9|0|5|5|9|9|5|6|9|8|5|237|96|273|79|570|-1|12|261|34|-1|-1|198|103|-1|1|79|
5|9|5|9|8|5|0|9|5|9|9|9|0|2|2|3|237|-1|166|-1|3|308|12|-1|34|-1|-1|-1|185|125|330|336|
5|5|9|9|4|9|9|9|9|9|9|9|3|2|8|7|332|141|-1|-1|307|-1|-1|-1|-1|-1|-1|-1|242|125|1|61|
5|5|8|9|1|9|0|9|9|9|9|9|0|2|9|2|332|303|3|-1|185|-1|12|-1|-1|-1|-1|-1|231|125|-1|217|
1|5|3|1|8|9|0|9|5|9|9|9|0|2|8|7|85|96|165|213|3|-1|12|-1|62|-1|-1|-1|231|125|1|61|
5|5|5|9|8|9|0|6|9|9|9|9|0|3|8|5|332|303|166|-1|3|-1|12|675|-1|-1|-1|-1|231|246|1|103|
4|5|8|9|1|9|0|5|5|9|9|9|6|3|6|5|179|303|3|-1|185|-1|12|101|34|-1|-1|-1|103|54|443|338|
4|0|1|4|8|9|0|9|5|9|9|9|0|3|8|4|179|343|128|284|3|-1|12|-1|34|-1|-1|-1|231|247|2|224|
9|5|5|4|5|0|8|9|5|4|9|4|3|3|8|3|-1|41|320|268|313|17|2|-1|34|41|-1|309|242|54|1|247|
5|0|5|1|8|9|1|9|5|9|9|9|6|2|8|7|332|343|166|221|3|-1|39|-1|183|-1|-1|-1|103|125|1|61|
4|0|5|1|8|9|0|9|5|9|5|9|0|2|8|7|179|343|246|213|3|-1|12|-1|62|-1|272|-1|231|125|1|61|
