5|5|9|9|8|5|8|8|1|8|4|1|2|7|7|0|201|236|-1|-1|3|4|0|3|39|0|257|22|325|104|725|9|
5|0|1|8|3|3|4|3|8|4|4|6|1|8|6|5|288|228|209|0|308|16|106|288|3|52|112|26|169|3|3|187|
1|5|9|9|8|5|0|4|8|0|4|6|0|5|3|5|298|236|-1|-1|3|4|173|1|3|196|257|26|322|193|96|187|
1|4|1|9|6|9|8|0|8|4|4|6|6|6|5|3|313|258|209|-1|235|-1|0|139|3|52|257|26|578|237|251|82|
1|5|4|9|8|4|8|4|5|0|1|9|2|8|5|0|298|236|270|-1|3|350|0|64|152|111|55|-1|178|3|257|228|
1|4|1|9|4|0|9|4|4|8|4|9|2|8|6|5|248|258|209|-1|177|64|-1|101|239|0|112|-1|178|3|3|187|
4|1|4|0|8|4|8|4|4|0|4|6|5|8|8|3|247|320|247|73|3|67|0|101|179|111|27|26|112|2|0|99|
4|5|4|9|8|4|8|4|8|0|4|8|3|5|5|0|324|236|166|-1|3|67|0|101|3|196|257|0|284|148|257|228|
0|5|2|9|4|9|8|4|8|0|4|6|0|8|8|8|313|236|307|-1|190|-1|0|64|3|196|27|26|322|2|0|3|
0|5|1|9|8|2|8|4|1|8|4|1|8|5|0|0|313|236|209|-1|3|15|0|101|39|0|257|22|2|96|17|1|
0|5|4|8|8|5|8|8|1|1|4|6|1|8|8|1|300|227|166|0|3|4|0|3|39|114|257|26|169|3|0|124|
1|8|9|9|8|9|8|4|5|1|4|8|0|3|8|8|313|1|-1|-1|3|-1|0|101|132|114|27|0|161|327|0|3|
1|8|1|0|8|4|8|4|8|0|4|6|0|6|6|1|134|0|209|333|3|67|0|64|3|196|27|26|322|675|3|94|
2|0|4|8|8|9|9|4|8|4|4|5|0|8|3|5|55|228|166|1|3|-1|-1|101|2|132|112|247|85|3|96|187|
1|5|1|8|8|5|0|8|4|4|4|6|7|4|6|5|248|236|209|0|3|4|173|3|239|132|257|26|658|230|3|187|
1|4|9|9|8|9|8|4|3|4|9|6|2|8|3|4|298|258|-1|-1|3|-1|0|101|215|52|-1|26|178|2|134|26|
0|2|5|9|8|9|8|4|0|1|4|6|0|8|8|8|300|10|189|-1|3|-1|2|101|12|114|257|26|161|3|0|3|
1|4|4|8|8|1|4|6|4|4|4|6|6|5|1|1|355|258|308|1|3|266|164|617|239|193|257|26|800|193|88|156|
0|0|9|8|8|9|4|6|4|1|4|6|0|5|8|3|177|156|-1|0|3|-1|125|133|239|114|257|26|322|199|0|99|
1|5|9|9|3|5|8|8|1|8|4|1|8|8|2|0|248|236|-1|-1|54|4|0|3|39|0|257|22|2|3|46|32|
1|5|4|9|8|4|8|4|4|2|4|6|2|4|8|8|248|236|247|-1|3|67|0|101|239|22|257|26|178|284|0|3|
3|5|9|8|8|4|8|4|4|0|4|6|2|8|6|5|297|236|-1|1|3|67|0|101|179|111|27|26|178|3|3|187|
4|1|4|0|3|4|8|9|5|4|4|9|3|5|6|5|247|320|247|73|250|67|0|-1|132|193|112|-1|284|148|3|187|
5|5|9|9|5|4|8|9|8|7|4|1|2|5|6|5|288|236|-1|-1|355|67|0|-1|3|629|257|154|178|193|3|187|
3|9|1|0|1|9|8|4|4|0|4|4|0|5|6|1|297|-1|209|112|302|-1|0|101|179|196|257|34|322|193|376|271|
7|5|3|9|4|4|9|4|4|0|6|7|0|4|6|5|678|236|8|-1|190|328|-1|101|239|111|305|217|108|230|3|187|
6|5|8|9|8|6|8|4|1|1|4|6|1|8|2|9|615|236|0|-1|3|102|0|101|39|114|257|26|169|3|358|-1|
5|0|1|8|3|3|4|3|8|0|9|2|5|5|6|5|288|228|209|0|308|16|106|288|3|111|-1|91|260|193|3|187|
0|1|4|0|8|4|8|4|5|4|4|6|0|5|3|5|300|320|247|73|3|67|0|64|152|52|257|26|322|193|96|187|
5|8|9|7|8|7|4|4|5|4|0|4|7|6|2|5|288|0|-1|723|3|615|106|101|132|80|235|125|376|316|183|187|
0|5|9|2|8|4|8|4|8|0|4|6|3|8|8|1|300|330|-1|55|3|67|0|64|3|196|112|26|284|2|0|124|
0|0|4|3|8|5|3|0|8|0|4|6|1|2|2|8|300|237|308|249|3|4|153|139|3|196|257|26|169|293|69|3|
5|8|1|5|8|9|8|7|1|1|4|0|2|8|8|8|288|0|209|71|3|-1|0|100|39|114|27|109|178|2|0|3|
4|4|4|9|8|0|8|4|8|1|8|6|8|5|7|8|247|258|208|-1|3|64|0|101|1|114|3|26|2|133|491|2|
0|9|1|5|8|9|8|8|8|4|9|4|3|2|1|3|300|-1|209|71|3|-1|0|3|3|52|-1|34|284|293|286|66|
5|0|1|8|8|9|4|0|2|1|4|6|2|5|0|0|288|237|209|1|3|-1|125|139|204|114|27|26|178|193|17|1|
1|8|1|0|8|5|9|4|4|8|4|6|2|6|1|1|248|0|209|247|3|4|-1|101|239|0|257|26|178|584|88|156|
5|0|1|9|8|5|0|4|5|5|6|4|0|8|4|8|288|237|209|-1|3|4|173|101|132|325|158|34|161|3|86|3|
0|8|4|9|4|9|8|3|3|0|9|6|7|3|6|5|300|0|247|-1|190|-1|0|86|140|196|-1|26|376|49|3|187|
5|5|3|9|4|4|8|6|8|7|4|6|1|3|6|6|288|236|8|-1|190|67|0|697|3|421|27|26|169|188|3|768|
2|5|1|9|8|5|8|0|0|4|1|6|2|6|6|5|55|236|209|-1|3|4|0|187|90|52|55|26|178|316|3|187|
6|1|1|9|3|4|8|9|5|4|4|1|3|2|6|3|615|320|209|-1|250|67|0|-1|152|52|112|149|6|293|3|66|
5|1|1|8|8|9|8|4|5|0|4|9|8|9|8|8|238|320|209|1|3|-1|0|64|152|196|257|-1|2|-1|0|3|
0|1|9|9|4|9|4|8|4|4|4|6|6|5|1|1|300|320|-1|-1|190|-1|164|3|239|52|158|26|800|193|198|144|
0|8|4|9|8|5|8|8|7|8|4|1|8|4|5|0|239|0|247|-1|3|4|0|3|94|0|257|22|2|284|257|228|
1|7|4|0|8|0|8|2|5|0|9|6|3|2|6|3|248|260|247|324|3|64|0|301|132|111|-1|26|284|293|3|66|
0|5|9|9|8|9|8|8|4|4|4|4|2|8|6|5|300|73|-1|-1|3|-1|0|3|179|132|257|34|178|2|3|187|
4|1|1|9|8|5|8|4|8|4|9|6|0|8|8|7|2|320|209|-1|3|4|0|101|1|52|-1|26|161|3|0|126|
7|9|4|9|8|5|4|4|4|8|6|6|2|8|6|5|678|-1|166|-1|3|4|164|101|239|0|486|26|178|2|3|187|
1|5|9|9|2|0|6|4|5|4|6|6|5|9|5|8|248|236|-1|-1|55|64|668|101|132|52|158|26|128|-1|325|0|
0|8|1|0|8|5|9|4|4|8|4|6|2|6|0|0|313|0|209|247|3|4|-1|101|239|0|257|26|178|584|17|1|
1|2|4|9|8|4|8|4|5|4|4|6|0|7|2|9|355|28|166|-1|3|67|0|101|152|52|112|26|322|153|358|-1|
0|9|9|9|8|4|8|8|5|4|4|4|2|6|0|0|300|-1|-1|-1|0|159|0|3|132|360|27|34|178|584|17|1|
1|4|8|9|8|3|9|4|4|3|4|6|0|5|6|5|355|258|0|-1|3|96|-1|101|239|332|257|26|322|193|3|187|
1|4|1|9|8|3|8|8|5|2|4|6|7|4|9|6|355|258|209|-1|3|332|0|3|132|5|257|26|104|88|-1|300|
5|0|1|3|8|5|8|4|5|0|4|4|0|8|6|0|288|237|209|265|3|4|0|101|132|196|257|34|195|3|3|79|
5|4|4|9|4|9|8|4|8|1|4|6|3|2|6|3|238|258|208|-1|190|-1|0|110|3|114|112|26|284|293|3|66|
3|4|3|9|8|0|4|4|5|1|4|6|0|6|3|0|82|258|165|-1|3|64|125|64|304|114|257|26|322|782|160|1|
2|0|9|9|8|9|8|4|8|4|9|6|3|8|8|1|55|228|-1|-1|3|-1|0|101|1|52|-1|26|284|3|0|124|
5|8|9|8|8|5|8|2|5|6|4|6|6|8|6|7|288|0|-1|2|3|4|0|301|132|336|27|26|800|3|681|739|
0|4|7|9|9|4|8|0|4|4|8|6|1|6|8|8|313|258|114|-1|-1|67|0|139|328|52|2|26|169|607|0|3|
1|5|4|0|8|4|8|4|5|5|8|6|1|4|6|5|248|236|247|166|3|67|0|101|132|325|3|26|169|230|3|187|
1|4|1|9|4|9|8|4|5|0|4|6|0|5|8|8|248|258|209|-1|190|-1|0|101|132|196|257|26|322|193|0|3|
0|1|4|0|8|7|4|0|4|4|4|6|0|8|8|8|300|320|247|73|3|615|106|139|239|52|257|26|322|2|2|3|
0|5|9|0|1|5|4|4|3|0|4|6|0|5|3|5|300|236|-1|112|302|4|164|64|215|196|112|26|322|193|96|187|
0|5|4|8|8|5|9|4|8|8|6|6|3|9|3|5|313|73|247|1|3|4|-1|101|3|0|158|26|284|-1|96|187|
0|4|1|9|8|5|8|4|4|0|1|6|0|5|6|5|300|45|209|-1|3|4|0|101|179|111|166|26|322|193|3|187|
1|5|1|9|8|2|8|9|4|2|4|6|2|6|0|0|355|236|209|-1|3|15|0|-1|239|22|27|26|178|584|17|1|
1|1|1|9|8|1|4|8|8|1|4|6|3|5|7|2|248|320|209|-1|3|334|164|3|3|114|112|26|284|148|725|10|
3|5|9|9|1|9|9|0|4|8|4|6|0|5|6|5|297|73|-1|-1|287|-1|-1|139|239|0|257|26|322|193|3|187|
9|0|1|9|8|9|0|4|4|8|4|6|1|4|1|1|-1|228|209|-1|3|-1|173|101|239|0|257|26|169|230|88|156|
1|5|1|9|8|3|5|0|4|0|4|4|2|2|6|3|313|236|209|-1|3|274|123|139|239|111|257|34|178|293|3|66|
1|5|9|9|8|4|8|4|5|9|1|4|7|5|8|8|355|236|-1|-1|3|67|0|64|304|-1|26|17|658|193|0|3|
1|5|4|2|1|9|8|9|8|5|4|4|0|4|2|0|313|73|247|229|359|-1|0|-1|3|285|27|319|322|230|46|32|
8|4|9|5|8|3|8|8|4|3|4|6|1|2|5|5|0|258|-1|71|3|354|0|3|239|156|195|26|169|83|162|187|
1|2|1|9|7|9|8|4|6|8|4|6|1|8|6|3|355|115|209|-1|434|-1|0|64|703|0|112|26|169|3|3|66|
6|4|6|6|8|4|4|9|8|8|4|4|1|6|8|8|615|258|236|787|3|67|125|-1|3|0|112|34|157|316|0|3|
1|7|1|9|8|9|0|4|4|8|1|9|8|4|0|5|355|393|209|-1|3|-1|173|101|239|0|55|-1|2|277|77|187|
0|4|9|9|3|5|0|4|4|8|4|4|6|8|1|0|300|258|-1|-1|54|293|173|101|239|0|27|34|800|3|279|1|
2|9|9|4|8|5|8|0|0|4|1|6|1|8|3|6|55|-1|-1|339|3|4|0|187|90|52|55|26|169|2|160|320|
0|5|9|9|8|6|6|4|8|4|4|9|2|3|6|6|300|73|-1|-1|3|38|138|101|1|52|112|-1|178|188|3|768|
2|5|9|9|1|4|8|4|5|8|4|8|3|5|7|2|160|73|-1|-1|48|67|0|101|152|0|257|0|284|148|725|10|
0|5|4|0|8|4|2|4|1|4|4|6|0|5|1|1|300|236|247|347|3|67|277|101|39|52|112|26|322|193|88|156|
0|8|1|9|8|3|7|4|6|4|2|6|3|6|8|8|300|0|209|-1|3|354|530|101|322|52|256|26|284|316|2|3|
8|6|9|0|3|3|4|4|5|4|4|6|2|5|8|3|0|752|-1|247|308|16|106|101|132|80|257|26|178|193|0|323|
8|4|9|9|8|3|8|8|4|8|6|8|9|8|8|3|0|258|-1|-1|3|332|0|3|239|0|770|0|-1|3|0|323|
1|1|1|8|3|0|8|4|3|2|4|6|0|8|1|1|248|320|209|1|54|153|0|101|215|106|27|26|322|2|198|144|
5|1|4|0|8|4|8|4|4|0|4|6|2|4|2|9|238|320|247|73|3|67|0|101|179|111|27|26|178|284|358|-1|
5|5|1|9|4|9|8|2|8|5|4|6|2|8|6|5|288|236|209|-1|190|-1|0|247|3|212|27|26|178|3|3|187|
1|4|9|9|8|5|8|4|5|4|4|6|2|6|0|0|248|258|-1|-1|3|4|0|101|152|52|112|26|178|584|78|1|
0|8|9|9|8|5|8|8|2|4|6|8|9|8|8|3|300|0|-1|-1|3|4|0|3|186|52|770|0|-1|3|0|323|
5|4|4|9|8|5|8|8|1|8|4|1|2|7|7|0|238|258|208|-1|3|4|0|3|39|0|257|22|325|104|725|9|
5|5|9|9|4|9|8|4|5|0|4|4|3|8|6|0|201|236|-1|-1|190|-1|0|101|132|196|257|34|284|3|3|79|
5|0|1|8|3|3|0|4|8|0|4|6|1|8|6|5|288|228|209|0|308|16|173|1|3|196|112|26|169|3|3|187|
1|5|9|9|8|5|4|3|8|4|4|6|0|5|3|5|298|236|-1|-1|3|4|106|288|3|52|257|26|322|193|96|187|
1|5|4|9|8|4|8|4|5|0|4|6|6|6|5|3|313|236|270|-1|3|350|0|64|152|111|257|26|578|237|251|82|
1|4|1|9|6|9|1|0|8|4|1|9|2|8|5|0|298|258|209|-1|235|-1|207|139|3|52|55|-1|178|3|257|228|
1|4|1|9|4|0|9|4|4|0|4|6|2|8|6|5|248|258|209|-1|177|64|-1|101|179|111|27|26|178|3|3|187|
4|1|4|0|8|4|8|4|4|8|4|9|5|8|8|3|247|320|247|73|3|67|0|101|239|0|112|-1|112|2|0|99|
4|5|2|9|8|4|8|4|8|0|4|8|3|5|5|0|324|236|307|-1|3|67|0|101|3|196|257|0|284|148|257|228|
