5|9|9|1|8|9|4|0|9|9|9|9|6|5|5|1|237|-1|-1|206|3|-1|171|80|-1|-1|-1|-1|41|279|182|62|
4|9|9|1|8|9|4|0|9|9|9|9|6|5|5|1|279|-1|-1|206|3|-1|171|80|-1|-1|-1|-1|41|279|182|62|
5|0|9|9|2|2|4|9|9|0|9|9|9|7|6|4|237|1|-1|-1|32|151|329|-1|-1|332|-1|-1|-1|641|154|224|
5|0|1|1|5|4|4|9|9|9|9|9|3|9|5|7|237|337|223|157|46|20|171|-1|-1|-1|-1|-1|28|-1|284|349|
5|4|1|5|8|4|0|9|9|9|9|9|6|5|6|0|237|313|327|324|3|18|12|-1|-1|-1|-1|-1|694|279|738|133|
5|3|8|1|8|1|0|0|3|3|9|9|6|1|6|9|237|96|0|208|3|39|12|80|218|350|-1|-1|762|39|785|-1|
0|1|8|9|8|5|0|5|9|9|9|9|7|9|4|4|328|299|2|-1|3|9|12|96|-1|-1|-1|-1|563|-1|309|224|
5|9|4|1|8|8|0|9|9|9|9|5|0|5|9|4|237|-1|159|206|3|2|12|-1|-1|-1|-1|118|157|228|-1|224|
5|1|9|0|4|5|9|0|9|9|5|9|3|6|4|4|237|299|-1|285|341|289|-1|80|-1|-1|331|-1|28|420|309|224|
5|0|9|9|8|9|4|9|9|9|9|9|6|9|5|4|237|232|-1|-1|3|-1|171|-1|-1|-1|-1|-1|762|-1|284|224|
5|3|6|1|4|9|4|0|9|9|5|5|0|4|5|1|237|96|336|208|341|-1|171|80|-1|-1|331|118|157|108|182|62|
2|0|0|9|8|4|0|9|5|9|9|0|6|4|6|9|232|337|330|-1|3|12|12|-1|160|-1|-1|25|762|161|785|-1|
0|1|1|5|8|5|0|9|9|9|9|9|3|9|7|3|328|316|223|324|3|9|12|-1|-1|-1|-1|-1|101|-1|634|98|
5|7|9|1|8|5|0|5|9|9|9|9|7|5|5|4|237|515|-1|208|3|289|12|215|-1|-1|-1|-1|67|279|284|224|
5|1|5|1|8|5|0|9|9|9|5|9|6|7|8|3|237|299|70|208|3|19|12|-1|-1|-1|331|-1|762|698|2|256|
5|0|4|2|8|5|0|9|5|9|9|9|6|7|0|7|237|230|159|336|3|9|12|-1|34|-1|-1|-1|762|199|212|159|
0|1|1|1|8|8|4|9|9|9|0|9|7|5|5|5|328|316|223|206|3|2|171|-1|-1|-1|58|-1|67|279|182|230|
5|0|9|9|8|9|0|9|9|9|9|9|3|9|4|4|158|355|-1|-1|3|-1|12|-1|-1|-1|-1|-1|28|-1|309|224|
5|1|9|9|0|1|0|1|9|9|9|1|6|9|5|4|237|316|-1|-1|212|39|12|324|-1|-1|-1|312|762|-1|284|224|
8|9|1|9|3|4|4|0|9|9|9|9|6|9|2|4|1|-1|223|-1|161|20|171|80|-1|-1|-1|-1|41|-1|348|224|
0|9|0|1|8|9|4|9|9|9|9|9|6|9|2|4|328|-1|330|157|3|-1|171|-1|-1|-1|-1|-1|41|-1|348|224|
9|5|9|1|8|8|4|9|9|9|9|9|8|5|6|1|-1|303|-1|208|3|2|171|-1|-1|-1|-1|-1|3|279|624|87|
5|1|4|1|4|5|0|9|9|9|9|9|6|9|7|3|237|299|159|206|341|289|12|-1|-1|-1|-1|-1|762|-1|634|98|
2|1|4|9|0|5|0|9|9|5|9|9|9|4|6|1|300|299|159|-1|212|9|12|-1|-1|341|-1|-1|-1|108|624|87|
0|5|9|1|8|8|0|9|9|9|5|2|3|9|0|7|27|193|-1|276|3|2|12|-1|-1|-1|331|212|28|-1|212|159|
5|9|9|9|0|9|0|9|9|9|5|9|7|4|6|1|237|-1|-1|-1|212|-1|12|-1|-1|-1|331|-1|67|161|624|87|
0|5|9|1|8|8|0|9|9|0|9|9|7|5|5|1|27|193|-1|276|3|2|12|-1|-1|332|-1|-1|67|279|182|62|
5|9|1|9|3|4|4|9|7|1|9|9|3|9|6|4|332|-1|223|-1|161|20|171|-1|505|94|-1|-1|28|-1|154|224|
0|1|1|1|8|4|0|9|9|9|9|0|6|9|4|4|328|316|223|208|3|12|12|-1|-1|-1|-1|25|762|-1|309|224|
1|1|1|9|8|5|0|1|9|9|9|9|2|6|5|1|180|248|223|-1|3|214|12|78|-1|-1|-1|-1|155|170|182|62|
0|0|8|1|0|2|0|7|8|9|9|5|9|9|4|4|328|128|2|208|166|209|12|206|1|-1|-1|2|-1|-1|197|224|
0|1|1|9|8|9|0|0|9|9|8|5|4|9|6|3|328|299|347|-1|3|-1|12|80|-1|-1|3|2|196|-1|161|98|
7|5|4|9|0|1|0|1|9|8|9|5|2|6|5|1|319|193|159|-1|212|39|114|28|-1|2|-1|2|155|170|182|62|
3|5|9|9|8|9|0|9|9|9|9|9|7|5|5|1|102|193|-1|-1|3|-1|12|-1|-1|-1|-1|-1|67|279|182|62|
5|9|9|9|8|5|0|0|9|9|9|9|6|7|8|3|237|-1|-1|-1|3|9|12|80|-1|-1|-1|-1|762|698|2|256|
3|5|4|0|8|9|0|9|0|5|9|9|6|6|4|4|12|258|138|247|3|-1|12|-1|142|341|-1|-1|41|170|309|224|
5|1|0|1|8|8|4|9|9|9|5|9|3|9|5|1|237|316|330|50|3|2|171|-1|-1|-1|30|-1|28|-1|182|62|
0|9|9|0|8|5|4|9|0|5|9|5|3|9|4|2|328|-1|-1|247|3|289|171|-1|142|341|-1|2|28|-1|309|221|
5|9|9|0|8|9|0|0|5|9|9|4|9|9|4|4|237|-1|-1|247|3|-1|12|80|34|-1|-1|78|-1|-1|335|224|
0|5|9|7|8|8|0|9|9|9|9|9|5|7|5|5|27|193|-1|189|3|2|12|-1|-1|-1|-1|-1|39|199|182|230|
5|9|4|9|8|5|0|4|9|9|5|9|3|9|5|4|237|-1|252|-1|3|9|12|34|-1|-1|331|-1|28|-1|284|224|
5|9|9|5|8|9|9|0|9|9|5|9|3|3|6|4|237|-1|-1|324|3|-1|-1|80|-1|-1|331|-1|28|35|543|224|
5|1|9|0|8|8|4|9|9|9|0|5|3|9|4|2|237|316|-1|247|3|2|171|-1|-1|-1|58|118|28|-1|309|221|
5|1|9|9|8|5|0|9|9|9|9|9|6|5|5|1|237|316|-1|-1|3|9|12|-1|-1|-1|-1|-1|41|279|182|62|
0|1|0|4|8|5|0|5|9|9|9|9|5|9|6|3|328|96|330|30|3|9|12|96|-1|-1|-1|-1|109|-1|161|98|
5|1|8|9|8|4|0|9|9|0|5|9|5|5|4|2|237|316|0|-1|3|12|12|-1|-1|332|331|-1|109|279|309|221|
0|8|9|9|0|9|0|0|5|4|9|9|3|9|5|4|328|1|-1|-1|28|-1|12|80|34|280|-1|-1|28|-1|284|224|
5|9|1|9|3|4|0|9|8|3|2|9|7|7|6|3|237|-1|223|-1|161|20|12|-1|1|120|259|-1|67|641|161|98|
0|1|0|5|0|1|5|9|9|9|9|9|6|9|6|0|328|96|330|28|212|283|22|-1|-1|-1|-1|-1|762|-1|738|133|
5|9|1|3|8|5|0|0|3|0|9|9|8|1|6|9|237|-1|223|85|3|19|12|80|218|334|-1|-1|2|39|785|-1|
2|0|1|4|4|4|4|4|9|9|9|9|5|7|5|5|232|337|223|277|341|20|171|235|-1|-1|-1|-1|39|199|182|230|
5|9|6|9|0|6|4|9|9|9|5|9|7|8|9|4|237|-1|400|-1|212|247|171|-1|-1|-1|331|-1|67|0|-1|224|
8|9|9|9|2|2|0|9|9|9|9|9|8|8|7|7|2|-1|-1|-1|32|151|12|-1|-1|-1|-1|-1|0|0|147|140|
5|1|8|1|0|9|0|9|9|9|9|5|7|7|6|4|237|316|0|206|212|-1|12|-1|-1|-1|-1|2|67|641|154|224|
5|9|8|9|0|9|0|8|9|9|9|9|6|6|6|1|237|-1|2|-1|212|-1|12|1|-1|-1|-1|-1|762|722|624|87|
5|1|9|0|4|9|0|9|9|9|9|9|6|6|6|0|237|316|-1|107|267|-1|12|-1|-1|-1|-1|-1|762|769|738|133|
3|9|9|9|0|9|5|0|9|9|9|4|7|7|6|4|12|-1|-1|-1|212|-1|196|80|-1|-1|-1|197|67|641|154|224|
4|0|0|1|5|4|5|9|9|7|9|9|7|4|6|1|279|1|330|157|46|20|301|-1|-1|40|-1|-1|67|161|624|87|
1|5|0|9|0|9|2|0|5|4|9|9|6|6|4|2|180|193|330|-1|28|-1|87|80|34|280|-1|-1|762|722|309|221|
4|0|0|5|5|9|0|9|9|9|9|9|6|9|6|4|279|1|330|28|46|-1|12|-1|-1|-1|-1|-1|762|-1|543|224|
5|0|9|9|5|5|0|9|9|9|9|9|3|9|4|4|237|232|-1|-1|46|289|12|-1|-1|-1|-1|-1|28|-1|309|224|
5|1|9|4|1|9|0|9|9|9|9|5|9|5|7|3|237|299|-1|277|359|-1|12|-1|-1|-1|-1|40|-1|279|634|98|
8|8|9|9|0|9|0|0|5|4|9|9|7|4|5|4|1|1|-1|-1|28|-1|12|80|34|280|-1|-1|67|161|284|224|
5|9|9|1|4|9|0|4|9|5|9|5|1|7|7|3|237|-1|-1|324|229|-1|12|127|-1|341|-1|40|305|641|634|98|
5|5|9|1|0|9|0|9|9|0|9|9|9|5|5|1|44|193|-1|206|212|-1|12|-1|-1|332|-1|-1|-1|279|182|62|
5|1|1|9|8|8|0|9|0|0|9|5|9|9|5|4|237|299|347|-1|3|2|12|-1|142|332|-1|2|-1|-1|284|224|
2|3|0|1|0|9|0|0|8|9|0|9|7|5|0|7|300|336|330|208|212|-1|12|80|0|-1|58|-1|67|279|212|159|
0|1|8|0|8|9|0|0|5|9|9|5|6|7|8|3|328|316|0|247|3|-1|12|80|34|-1|-1|2|762|698|2|256|
5|9|9|9|8|5|1|9|9|3|8|9|6|7|6|0|237|-1|-1|-1|3|66|121|-1|-1|33|3|-1|41|641|738|133|
0|0|0|1|8|6|1|9|8|9|5|9|6|3|6|9|40|1|170|208|3|524|121|-1|0|-1|331|-1|762|6|785|-1|
5|8|9|9|8|5|4|1|9|9|9|9|6|5|7|3|237|1|-1|-1|3|19|171|248|-1|-1|-1|-1|762|279|634|98|
6|1|4|9|8|9|0|9|9|9|9|9|6|4|5|1|179|316|89|-1|3|-1|12|-1|-1|-1|-1|-1|41|108|182|62|
5|1|7|1|4|8|0|9|9|9|9|5|3|9|9|4|237|299|520|208|341|3|12|-1|-1|-1|-1|157|28|-1|-1|224|
5|5|9|9|8|9|0|9|9|9|9|9|6|4|5|1|237|193|-1|-1|3|-1|12|-1|-1|-1|-1|-1|41|108|182|62|
0|6|1|5|8|9|0|0|9|9|9|9|8|9|5|4|328|516|223|324|3|-1|12|80|-1|-1|-1|-1|2|-1|284|224|
5|5|9|1|8|5|0|0|9|9|9|9|9|7|6|4|44|193|-1|206|3|9|12|80|-1|-1|-1|-1|-1|641|543|224|
0|1|0|1|8|9|7|9|9|9|9|9|5|3|7|3|18|316|330|208|2|-1|526|-1|-1|-1|-1|-1|132|35|634|98|
2|5|5|9|8|9|0|0|9|9|9|9|3|3|4|8|243|193|15|-1|3|-1|12|80|-1|-1|-1|-1|28|35|335|3|
7|9|9|9|3|7|4|9|2|5|9|2|1|1|6|4|730|-1|-1|-1|260|211|171|-1|359|341|-1|75|305|39|543|224|
1|5|0|1|8|8|4|9|9|9|9|9|6|7|8|3|180|193|330|50|3|2|171|-1|-1|-1|-1|-1|762|698|2|256|
3|5|9|4|8|9|0|9|9|9|5|9|9|5|1|4|102|193|-1|277|3|-1|12|-1|-1|-1|331|-1|-1|279|292|224|
5|1|8|1|0|9|1|9|9|9|9|5|5|9|5|4|237|316|0|206|212|-1|121|-1|-1|-1|-1|2|109|-1|284|224|
5|9|9|1|4|9|0|4|9|5|4|4|1|5|5|1|237|-1|-1|324|229|-1|12|127|-1|341|154|197|305|279|182|62|
5|0|9|9|8|9|0|9|9|9|9|9|6|5|5|1|53|230|-1|-1|3|-1|12|-1|-1|-1|-1|-1|41|279|182|62|
2|8|9|2|0|5|0|9|9|9|9|7|8|9|3|4|300|0|-1|185|28|19|12|-1|-1|-1|-1|3|1|-1|333|224|
0|9|4|9|0|9|0|9|9|0|9|9|5|9|6|3|328|-1|159|-1|212|-1|12|-1|-1|264|-1|-1|109|-1|161|98|
2|0|8|9|8|8|4|9|9|0|9|9|7|6|6|2|232|232|2|-1|3|2|171|-1|-1|334|-1|-1|434|170|624|196|
0|5|4|0|4|9|0|0|9|1|7|2|6|6|8|9|328|258|138|247|52|-1|12|80|-1|50|305|108|694|298|2|-1|
5|8|9|9|8|9|4|9|9|9|9|4|7|7|6|4|237|2|-1|-1|3|-1|171|-1|-1|-1|-1|197|67|641|154|224|
0|5|4|1|4|9|0|9|9|9|9|5|6|9|3|5|328|271|89|208|341|-1|12|-1|-1|-1|-1|201|694|-1|297|140|
5|9|9|9|0|1|4|4|9|9|3|5|7|9|6|4|237|-1|-1|-1|212|254|171|235|-1|-1|154|2|67|-1|154|224|
4|0|9|1|8|9|4|0|9|9|9|9|6|5|5|1|279|1|-1|206|3|-1|171|80|-1|-1|-1|-1|41|279|182|62|
5|9|9|9|2|2|4|9|9|0|9|9|9|7|6|4|237|-1|-1|-1|32|151|329|-1|-1|332|-1|-1|-1|641|154|224|
1|4|4|1|8|5|0|9|9|4|2|9|6|5|4|2|76|313|159|208|3|66|12|-1|-1|14|33|-1|694|279|309|221|
5|5|8|1|0|1|4|9|9|9|9|9|8|5|5|4|237|193|3|157|212|39|171|-1|-1|-1|-1|-1|3|279|284|224|
5|0|1|1|5|4|4|9|9|9|9|9|3|9|5|7|237|337|223|157|46|20|171|-1|-1|-1|-1|-1|28|-1|284|349|
5|4|9|5|8|4|0|9|9|9|9|9|6|5|6|0|237|313|-1|324|3|18|12|-1|-1|-1|-1|-1|694|279|738|133|
5|3|8|1|8|1|0|5|9|9|9|9|6|1|6|9|237|96|0|208|3|39|12|96|-1|-1|-1|-1|762|39|785|-1|
0|1|8|9|8|5|0|0|3|3|9|9|7|9|4|4|328|299|2|-1|3|9|12|80|218|350|-1|-1|563|-1|309|224|
5|9|4|1|8|8|0|9|9|9|9|5|0|5|9|4|237|-1|159|206|3|2|12|-1|-1|-1|-1|118|157|228|-1|224|
