5|5|0|9|8|4|8|4|5|8|4|9|0|1|9|8|144|236|177|-1|3|67|0|101|132|0|332|-1|161|150|-1|3|
4|5|5|9|0|5|4|4|5|8|4|9|0|1|9|8|310|236|2|-1|222|4|106|102|132|0|332|-1|161|150|-1|3|
5|5|0|9|8|4|8|4|8|4|4|8|0|2|9|8|144|236|177|-1|3|67|0|101|0|52|332|2|161|267|-1|3|
9|5|1|4|8|5|4|4|8|4|9|9|1|7|7|6|-1|236|209|94|3|4|106|101|0|52|-1|-1|20|29|109|40|
1|5|4|9|8|4|8|9|5|4|4|5|4|2|9|8|355|236|326|-1|3|67|0|-1|152|354|27|113|154|267|-1|3|
2|5|9|9|8|4|8|4|5|4|8|6|9|9|3|5|97|236|-1|-1|3|67|0|101|132|333|2|26|-1|-1|7|128|
1|5|9|8|8|4|8|4|8|4|2|9|2|1|8|8|293|236|-1|0|3|67|0|101|0|52|240|-1|178|150|0|3|
1|3|5|9|8|4|5|4|5|1|4|1|8|7|2|1|248|324|2|-1|3|67|234|101|132|178|112|295|1|166|358|253|
1|5|4|0|8|9|9|4|5|7|4|5|0|1|7|6|355|236|326|112|3|-1|-1|101|132|117|257|223|161|150|109|40|
1|5|5|0|2|8|9|4|5|8|4|5|4|8|9|8|114|236|2|73|116|3|-1|101|132|0|27|223|154|3|-1|3|
4|5|5|9|8|4|8|4|5|2|0|6|2|1|3|5|310|236|2|-1|3|67|0|101|132|264|326|26|178|150|96|187|
1|5|1|9|8|9|4|9|8|5|4|4|2|1|9|8|313|236|49|-1|3|-1|106|-1|0|59|257|8|178|150|-1|0|
1|5|9|0|9|4|8|4|5|0|4|6|0|9|8|5|355|236|-1|73|-1|67|3|101|132|196|27|26|161|-1|1|49|
2|5|0|9|8|5|9|1|5|0|4|9|3|3|4|8|97|236|106|-1|3|4|-1|59|132|196|332|-1|293|327|117|3|
1|5|8|9|8|5|8|4|8|8|9|9|4|1|9|8|355|236|0|-1|3|4|0|101|0|0|-1|-1|87|150|-1|3|
1|5|2|3|8|4|1|4|5|8|4|4|0|7|7|6|22|236|197|92|0|67|239|101|132|0|332|8|286|29|109|40|
1|5|9|8|8|4|8|4|5|4|4|6|4|4|0|0|355|236|-1|0|3|67|3|101|152|77|112|26|154|7|17|1|
2|5|9|9|8|5|8|4|5|4|9|5|0|8|6|0|97|236|-1|-1|3|4|3|101|103|77|-1|113|161|3|76|1|
1|7|9|9|8|8|1|4|1|4|2|9|0|1|9|8|313|795|-1|-1|3|2|175|101|39|52|202|-1|161|150|-1|3|
9|5|4|9|5|4|8|4|5|4|4|9|4|7|0|0|-1|236|247|-1|29|142|0|101|132|333|332|-1|154|247|354|32|
1|5|5|4|8|5|8|1|4|8|4|3|4|4|3|5|355|236|2|350|3|4|3|59|359|0|332|204|222|209|7|128|
1|5|9|0|8|4|9|9|5|0|4|5|4|8|9|8|355|236|-1|112|3|67|-1|-1|132|196|257|223|154|3|-1|3|
0|9|9|9|1|4|9|9|5|4|4|6|5|7|6|0|341|-1|-1|-1|88|67|-1|-1|132|354|27|26|280|247|76|1|
1|5|8|9|4|9|1|4|5|0|4|6|4|7|7|6|355|236|0|-1|64|-1|105|101|132|196|112|26|154|29|109|40|
1|1|4|9|8|5|8|4|8|8|7|0|4|7|3|5|254|344|247|-1|3|4|0|101|0|0|775|340|154|29|96|187|
2|5|1|9|8|5|8|1|5|0|4|9|4|7|3|5|97|236|209|-1|3|4|3|59|132|196|332|-1|154|29|96|187|
1|5|4|9|8|4|9|4|5|0|4|9|5|1|2|7|313|236|247|-1|3|67|-1|101|152|39|27|-1|128|215|69|455|
1|5|9|2|8|4|8|4|4|1|4|6|3|7|7|6|355|236|-1|53|2|67|3|101|359|20|112|26|284|29|109|40|
1|5|4|0|9|5|8|4|5|8|4|6|1|7|7|6|299|236|247|112|-1|4|0|101|152|0|112|26|253|29|109|40|
9|5|0|5|8|9|8|4|5|4|4|9|0|4|9|8|-1|236|177|78|3|-1|3|101|152|52|112|-1|161|317|-1|3|
9|7|1|9|8|4|4|4|5|4|4|6|7|1|9|5|-1|7|209|-1|3|67|106|101|152|52|257|26|696|150|-1|187|
1|5|3|9|8|5|4|9|8|5|4|6|3|1|3|5|355|236|257|-1|3|4|106|-1|0|59|112|26|284|53|96|187|
1|5|1|9|8|9|8|4|8|4|4|2|7|9|3|3|355|236|49|-1|3|-1|3|101|2|52|27|306|696|-1|96|113|
1|5|4|9|8|4|9|4|3|5|4|6|4|1|9|6|293|236|326|-1|3|67|-1|101|289|23|112|26|360|150|-1|86|
7|5|1|8|5|9|8|1|4|1|4|5|6|6|9|1|386|236|209|0|281|-1|0|59|359|20|112|113|531|310|-1|123|
5|5|2|9|8|9|6|9|4|0|4|5|4|7|9|1|144|236|134|-1|3|-1|335|-1|359|196|257|223|154|29|-1|123|
1|0|9|9|8|0|8|4|5|4|4|6|5|8|9|8|355|98|-1|-1|3|15|3|101|132|354|27|26|280|3|-1|3|
1|5|8|9|4|9|8|4|5|0|4|9|0|1|9|5|355|236|0|-1|64|-1|0|101|132|196|27|-1|161|150|-1|187|
1|7|1|0|8|4|4|4|5|4|9|9|7|6|6|3|299|795|209|73|3|67|106|101|132|52|-1|-1|175|159|479|66|
2|8|1|9|3|5|9|4|8|4|4|4|6|9|3|5|97|0|209|-1|265|4|-1|101|2|52|112|8|531|-1|96|187|
1|7|4|8|8|4|4|2|5|8|4|6|0|7|7|8|299|183|247|0|3|67|106|299|132|0|257|26|161|247|190|3|
1|3|3|9|8|5|8|4|5|9|4|6|4|0|2|7|248|324|110|-1|3|4|0|101|132|-1|27|26|154|59|69|455|
2|5|1|9|8|5|8|1|5|4|4|6|3|4|9|6|88|236|209|-1|3|136|0|59|132|52|112|26|324|317|-1|40|
5|5|5|4|8|0|8|4|3|1|4|5|8|9|9|3|144|236|2|350|3|15|0|101|289|266|112|113|1|-1|-1|197|
9|5|2|3|5|4|2|8|5|7|4|9|3|7|7|9|-1|236|197|147|336|67|291|0|132|723|332|-1|293|247|190|-1|
1|5|4|0|1|5|8|4|7|8|4|6|0|7|9|8|299|236|247|73|53|4|0|101|389|0|257|26|161|29|-1|3|
1|8|8|0|5|5|8|9|9|4|9|2|7|6|1|3|355|2|1|186|282|4|0|-1|-1|52|-1|306|175|159|24|66|
1|5|4|9|5|9|8|1|4|1|4|6|3|7|2|7|313|236|326|-1|282|-1|0|59|359|20|112|26|284|29|69|455|
1|5|1|9|8|0|2|3|5|7|4|5|5|1|7|6|22|236|209|-1|3|15|291|219|132|454|257|223|128|215|109|40|
8|5|6|2|2|5|9|4|8|8|0|9|0|1|9|8|2|236|192|290|278|4|-1|101|2|0|207|-1|161|150|-1|3|
2|5|3|9|8|4|8|1|5|4|4|6|8|1|9|5|97|236|10|-1|3|28|0|59|132|354|27|26|0|150|-1|187|
1|5|4|9|5|5|8|1|4|8|4|6|4|7|0|0|313|236|326|-1|282|4|3|59|359|0|112|26|154|247|354|32|
1|3|1|9|8|5|8|4|8|3|4|9|3|1|7|5|355|248|209|-1|3|4|0|101|2|334|112|-1|284|150|607|187|
1|5|1|9|8|4|8|4|5|6|9|5|2|1|3|5|355|236|209|-1|3|99|0|101|152|461|-1|113|178|150|96|187|
1|5|8|9|8|2|8|4|5|2|9|6|4|7|3|5|355|236|0|-1|3|131|0|101|132|215|-1|26|154|29|96|187|
9|5|5|9|8|4|8|1|8|0|4|0|0|8|1|3|-1|236|2|-1|3|67|0|59|0|196|257|333|161|3|338|66|
1|5|9|9|8|6|8|1|5|4|4|6|2|4|9|8|355|236|-1|-1|3|641|0|59|152|333|27|26|291|317|-1|3|
0|5|9|9|8|5|8|4|5|4|4|7|5|1|9|5|341|236|-1|-1|3|4|0|101|152|52|257|484|36|150|-1|187|
1|0|5|0|8|4|8|4|5|4|4|9|0|3|9|6|299|114|2|73|3|67|3|101|152|52|112|-1|161|327|-1|40|
1|5|1|9|8|4|9|3|3|4|4|5|2|1|0|8|355|236|209|-1|3|142|-1|108|118|354|27|113|178|150|293|3|
1|5|4|9|2|5|5|4|5|1|4|1|8|1|8|8|355|236|326|-1|178|4|234|101|132|178|112|295|0|150|0|3|
1|5|1|8|7|4|8|4|1|4|9|6|0|3|9|8|355|236|209|0|391|67|0|101|39|52|-1|26|161|278|-1|3|
6|5|4|9|8|2|8|5|5|4|4|6|4|7|7|6|699|236|247|-1|3|131|0|50|132|333|112|26|154|29|109|40|
1|5|9|9|8|4|8|4|5|8|4|9|0|1|1|4|355|236|-1|-1|3|67|0|101|132|0|332|-1|161|150|338|304|
1|5|4|9|8|5|8|4|5|6|9|9|2|1|9|8|327|236|247|-1|3|4|0|101|132|787|-1|-1|178|150|-1|3|
1|5|9|5|8|9|4|4|9|4|4|6|3|1|9|8|22|236|-1|162|3|-1|106|101|-1|333|112|26|293|176|-1|3|
1|5|9|8|8|4|9|4|3|8|4|5|0|1|1|3|355|236|-1|0|3|67|-1|101|289|3|112|113|161|150|338|66|
2|1|9|9|8|5|8|9|8|8|4|6|0|7|6|0|97|241|-1|-1|3|4|3|-1|2|0|257|203|161|247|76|1|
1|0|5|0|8|4|5|4|8|4|4|6|4|1|1|3|313|114|2|73|3|67|123|101|2|52|27|26|154|150|338|66|
1|5|4|9|8|2|8|5|8|8|9|9|3|3|9|9|313|236|326|-1|3|131|0|50|0|0|-1|-1|293|327|-1|-1|
1|5|1|0|8|5|8|4|8|4|4|0|5|1|4|8|355|236|209|73|3|4|3|101|2|52|27|69|280|176|117|3|
1|5|9|9|1|9|6|9|4|4|4|9|4|2|8|8|299|236|-1|-1|88|-1|335|-1|359|333|112|-1|154|267|1|3|
1|5|9|8|8|9|4|4|9|4|4|6|5|7|9|1|355|236|-1|0|3|-1|106|101|-1|354|27|26|280|29|-1|123|
1|5|1|4|8|4|9|3|3|4|4|6|8|7|4|5|293|236|49|94|3|67|-1|108|118|77|112|26|0|149|218|187|
1|5|9|7|6|5|8|1|5|4|8|6|0|9|8|8|355|236|-1|397|689|88|0|59|132|354|0|26|161|-1|3|3|
1|5|1|0|8|4|2|4|5|4|4|9|0|0|7|6|293|236|49|112|3|67|86|101|132|354|112|-1|161|59|109|40|
1|5|1|0|5|4|9|9|5|4|9|9|2|1|7|6|299|236|209|73|73|67|-1|-1|47|52|-1|-1|178|150|109|40|
1|0|1|9|4|4|4|4|5|0|4|6|0|2|5|3|355|295|209|-1|135|67|106|101|132|196|27|26|161|120|257|129|
1|5|1|0|8|5|8|4|5|0|4|1|0|5|0|0|299|236|209|112|3|4|0|101|132|196|257|141|161|151|191|32|
1|5|8|9|5|4|0|4|5|7|9|9|0|9|3|5|355|236|0|-1|282|67|116|101|132|454|-1|-1|161|-1|96|49|
9|5|3|9|5|5|8|1|5|4|4|4|2|1|0|8|-1|236|10|-1|282|4|0|59|132|52|332|8|178|150|293|3|
5|5|4|9|5|5|9|4|5|8|4|6|3|1|7|5|144|236|326|-1|336|4|-1|101|132|0|112|26|284|150|607|187|
1|7|1|0|8|4|2|9|4|1|4|6|3|7|0|0|299|741|209|112|3|67|308|-1|359|20|257|26|284|29|354|32|
1|0|2|1|5|5|8|4|5|0|4|9|0|9|8|5|355|352|197|44|336|4|0|101|132|196|112|-1|161|-1|1|49|
1|5|1|0|2|4|8|4|5|0|4|6|0|9|7|6|355|236|209|186|176|67|0|101|132|196|112|26|161|-1|109|40|
4|5|5|9|0|5|4|4|8|5|4|9|0|1|9|8|310|236|2|-1|222|4|106|102|0|316|332|-1|161|150|-1|3|
5|5|0|9|8|4|8|4|5|8|4|8|0|2|9|8|144|236|177|-1|3|67|0|101|132|0|332|2|161|267|-1|3|
9|5|4|9|8|4|8|4|8|4|9|9|1|7|7|6|-1|236|326|-1|3|67|0|101|0|52|-1|-1|20|29|109|40|
1|6|1|4|8|5|4|9|5|4|4|5|4|2|9|8|355|542|209|94|3|4|106|-1|152|354|27|113|154|267|-1|3|
1|5|1|9|8|9|4|9|8|5|4|6|3|1|3|5|299|236|49|-1|3|-1|106|-1|0|59|112|26|284|53|96|187|
1|5|9|9|5|4|8|4|5|4|4|6|0|1|9|8|355|236|-1|-1|29|142|0|101|132|333|112|26|161|150|-1|3|
2|5|9|8|8|4|8|4|5|4|8|6|9|9|3|5|97|236|-1|0|3|67|0|101|132|333|2|26|-1|-1|7|128|
1|5|9|9|8|4|8|4|8|4|2|9|2|1|8|8|293|236|-1|-1|3|67|0|101|0|52|240|-1|178|150|0|3|
1|3|5|9|8|4|5|4|5|1|4|1|8|7|2|1|248|324|2|-1|3|67|234|101|132|178|112|295|1|166|358|253|
1|5|4|0|8|9|9|4|5|7|4|5|0|1|7|6|355|236|326|112|3|-1|-1|101|132|117|257|223|161|150|109|40|
1|5|5|0|2|8|9|4|5|2|0|5|4|8|9|8|114|236|2|73|116|3|-1|101|132|264|326|223|154|3|-1|3|
4|5|5|9|8|4|8|4|5|8|4|6|2|1|3|5|310|236|2|-1|3|67|0|101|132|0|27|26|178|150|96|187|
1|5|9|0|9|4|8|4|8|5|4|4|2|1|9|8|313|236|-1|73|-1|67|3|101|0|59|257|8|178|150|-1|0|
1|5|1|9|8|9|4|9|5|0|4|6|0|9|8|5|355|236|49|-1|3|-1|106|-1|132|196|27|26|161|-1|1|49|
1|5|1|8|8|9|8|4|5|8|4|5|4|8|0|0|313|236|209|0|3|-1|0|101|132|0|27|223|154|3|354|32|
