5|5|5|5|8|4|0|9|9|4|9|9|1|2|2|2|86|258|68|180|3|18|12|-1|-1|29|-1|-1|162|151|242|190|
5|4|5|1|9|4|6|5|9|5|1|5|1|2|2|2|86|114|218|192|-1|18|276|192|-1|26|49|264|162|151|242|190|
5|5|5|5|8|4|0|9|9|4|9|9|9|9|2|5|86|258|68|180|3|18|12|-1|-1|29|-1|-1|-1|-1|28|10|
9|5|9|5|3|4|0|9|9|4|1|9|9|7|1|3|-1|288|-1|180|215|18|12|-1|-1|29|26|-1|-1|675|308|170|
9|5|9|5|8|4|0|0|9|4|9|9|7|7|0|5|-1|288|-1|180|3|18|12|46|-1|29|-1|-1|121|761|92|52|
5|5|5|5|8|4|5|9|9|9|1|9|9|7|1|2|86|288|218|180|3|18|61|-1|-1|-1|26|-1|-1|761|308|40|
5|4|5|9|0|7|0|0|9|4|9|9|0|8|2|2|86|114|218|-1|203|777|12|46|-1|29|-1|-1|191|0|242|190|
8|9|5|5|8|4|0|0|9|5|9|9|5|9|5|2|2|-1|68|180|3|47|12|46|-1|14|-1|-1|110|-1|71|312|
9|5|0|5|8|4|0|9|6|0|5|9|3|9|5|5|-1|288|49|180|3|18|83|-1|504|304|24|-1|207|-1|71|233|
5|9|9|5|9|0|0|9|9|4|9|9|0|7|5|5|193|-1|-1|180|-1|167|12|-1|-1|29|-1|-1|267|761|71|233|
0|5|9|5|8|4|0|5|9|4|9|5|1|9|2|7|64|288|-1|180|3|18|12|192|-1|35|-1|194|55|-1|240|197|
8|5|5|5|0|4|0|9|9|4|1|9|7|6|5|5|3|262|218|180|53|18|12|-1|-1|29|100|-1|27|506|71|233|
5|9|5|5|8|4|0|9|8|4|9|9|0|7|5|1|193|-1|218|180|3|18|12|-1|2|29|-1|-1|75|675|342|126|
5|5|0|5|8|4|8|0|9|9|1|9|3|7|2|2|86|288|49|180|3|18|2|46|-1|-1|26|-1|207|675|242|190|
5|5|5|5|5|4|0|9|9|9|9|9|6|7|3|2|86|258|68|180|250|247|12|-1|-1|-1|-1|-1|794|761|163|190|
9|2|4|5|8|9|0|9|9|4|9|9|9|6|3|1|-1|220|329|180|3|-1|12|-1|-1|29|-1|-1|-1|277|11|126|
9|4|8|9|5|4|1|9|9|4|9|9|9|9|1|0|-1|207|0|-1|250|18|32|-1|-1|29|-1|-1|-1|-1|308|269|
9|2|4|9|5|4|1|9|8|9|9|9|8|9|1|5|-1|220|329|-1|250|18|32|-1|0|-1|-1|-1|0|-1|146|10|
9|5|9|5|8|4|4|9|9|4|9|9|9|7|5|4|-1|288|-1|180|3|18|303|-1|-1|29|-1|-1|-1|761|71|241|
9|5|4|9|5|4|0|0|9|9|9|9|3|7|1|5|-1|288|329|-1|250|18|12|46|-1|-1|-1|-1|207|675|146|10|
5|4|5|5|8|4|1|9|9|4|9|9|9|8|2|2|86|114|218|180|3|18|32|-1|-1|29|-1|-1|-1|0|242|190|
9|5|0|5|8|4|0|9|9|4|9|9|9|7|2|2|-1|258|49|180|3|18|12|-1|-1|29|-1|-1|-1|675|242|284|
5|5|5|5|1|4|9|9|9|9|1|1|9|9|1|5|86|258|68|180|26|18|-1|-1|-1|-1|26|178|-1|-1|146|10|
5|5|5|9|0|4|4|6|9|1|9|0|9|9|1|2|193|288|218|-1|203|18|303|283|-1|122|-1|310|-1|-1|308|40|
9|0|4|5|8|4|0|9|9|4|9|5|0|9|1|3|-1|339|288|180|3|18|12|-1|-1|29|-1|264|75|-1|92|262|
9|5|0|5|8|4|0|9|9|9|9|9|3|1|1|1|-1|288|49|180|3|18|12|-1|-1|-1|-1|-1|144|177|208|126|
9|5|5|5|9|4|4|9|9|4|9|9|3|8|2|9|-1|288|68|180|-1|18|113|-1|-1|29|-1|-1|207|3|333|-1|
5|5|9|5|8|4|6|5|9|4|9|9|0|7|1|2|86|288|-1|180|3|18|178|192|-1|29|-1|-1|267|118|308|40|
9|0|4|5|8|4|0|9|9|4|1|9|9|8|2|2|-1|339|288|180|3|18|12|-1|-1|29|26|-1|-1|0|242|190|
9|5|5|5|8|4|0|9|9|5|8|0|2|8|2|2|-1|288|218|180|3|18|12|-1|-1|26|1|294|232|0|242|190|
9|9|0|5|7|4|9|9|9|4|9|9|0|8|1|0|-1|-1|49|180|275|18|-1|-1|-1|29|-1|-1|267|0|308|269|
9|5|5|5|8|4|0|9|9|5|8|9|9|7|5|2|-1|288|218|180|3|18|12|-1|-1|26|1|-1|-1|675|212|312|
9|5|9|5|8|4|0|0|9|4|1|0|2|6|2|2|-1|288|-1|180|3|18|12|177|-1|29|48|294|232|277|242|190|
5|5|5|5|8|4|4|0|9|9|1|9|3|7|6|5|193|288|218|180|3|18|113|341|-1|-1|26|-1|207|675|658|10|
1|5|9|5|8|4|4|9|9|2|5|5|9|7|2|5|122|288|-1|180|3|18|113|-1|-1|78|106|75|-1|675|333|10|
8|5|5|8|8|4|0|9|9|4|5|9|3|7|1|5|0|288|218|1|3|18|12|-1|-1|29|273|-1|207|675|146|10|
9|5|5|5|8|4|0|9|5|0|5|9|3|9|1|0|-1|288|68|180|3|18|12|-1|47|304|24|-1|207|-1|308|269|
5|2|5|5|8|4|0|0|9|4|9|9|9|7|2|7|68|220|68|180|3|18|12|46|-1|29|-1|-1|-1|761|240|197|
9|5|8|5|8|4|0|9|9|4|9|9|9|7|3|1|-1|288|0|180|3|284|12|-1|-1|29|-1|-1|-1|675|11|126|
5|5|9|5|8|4|0|9|5|0|5|9|3|7|6|3|193|288|-1|180|3|18|12|-1|47|304|24|-1|207|761|407|75|
5|5|4|5|8|0|0|5|9|4|9|5|9|9|1|0|193|288|329|180|3|167|12|192|-1|29|-1|264|-1|-1|308|269|
9|5|0|0|9|4|4|9|9|4|1|9|9|3|2|7|-1|258|49|217|-1|18|113|-1|-1|35|26|-1|-1|72|240|197|
1|1|5|5|8|4|0|0|9|4|9|9|3|8|2|9|198|203|218|180|3|18|12|46|-1|29|-1|-1|207|3|333|-1|
5|5|9|5|3|4|0|9|9|9|9|9|3|7|6|3|86|310|-1|180|215|18|12|-1|-1|-1|-1|-1|207|761|407|75|
8|5|5|5|8|4|0|5|9|4|9|9|9|9|1|5|0|288|26|180|3|18|12|315|-1|29|-1|-1|-1|-1|146|10|
5|5|9|9|5|4|1|9|9|4|5|9|3|9|1|0|86|288|-1|-1|250|18|32|-1|-1|29|273|-1|207|-1|308|269|
8|5|5|5|8|2|0|9|9|5|9|9|9|9|1|5|0|288|218|180|3|187|12|-1|-1|187|-1|-1|-1|-1|146|10|
2|5|5|5|5|4|4|9|9|4|1|9|9|7|2|2|312|258|68|180|250|18|276|-1|-1|29|26|-1|-1|761|242|190|
5|9|5|5|8|4|0|9|9|9|9|9|3|6|5|1|86|-1|26|180|3|18|12|-1|-1|-1|-1|-1|207|277|212|148|
9|5|9|5|8|4|0|5|9|4|9|9|0|7|5|5|-1|288|-1|180|3|18|12|192|-1|29|-1|-1|267|761|71|233|
0|5|2|2|8|4|9|9|9|4|5|9|9|1|1|1|64|288|134|4|3|247|-1|-1|-1|35|273|-1|-1|177|80|126|
2|5|5|5|3|4|6|9|9|4|9|9|9|9|1|0|171|258|68|180|82|18|120|-1|-1|29|-1|-1|-1|-1|308|269|
6|5|8|5|8|5|0|9|9|4|9|9|3|8|2|9|650|288|0|180|3|155|12|-1|-1|29|-1|-1|207|3|333|-1|
9|5|9|5|8|4|4|8|9|4|9|9|9|7|5|5|-1|288|-1|180|3|18|303|3|-1|29|-1|-1|-1|675|71|233|
5|5|9|5|4|1|0|0|9|6|9|9|8|9|1|5|86|258|-1|180|37|337|12|46|-1|202|-1|-1|0|-1|146|10|
5|5|5|8|5|4|0|9|9|4|9|9|5|9|5|5|86|288|218|1|27|18|12|-1|-1|29|-1|-1|110|-1|71|233|
9|5|4|9|8|4|9|6|0|5|1|8|3|7|2|7|-1|288|288|-1|3|18|-1|744|202|14|26|3|207|737|240|197|
5|5|5|5|5|4|1|9|9|5|9|9|5|9|5|2|193|288|49|180|250|18|32|-1|-1|26|-1|-1|110|-1|71|312|
9|5|0|0|8|4|0|0|9|5|5|9|9|7|5|1|-1|258|49|217|3|47|12|46|-1|14|24|-1|-1|761|71|174|
9|5|9|5|0|4|0|9|9|4|9|9|2|1|5|1|-1|288|-1|180|53|18|12|-1|-1|29|-1|-1|25|177|35|126|
9|9|0|5|8|4|9|9|9|4|9|7|9|8|1|0|-1|-1|49|180|3|18|-1|-1|-1|29|-1|628|-1|0|308|269|
9|5|0|8|4|6|0|9|7|9|8|5|9|4|2|2|-1|288|49|2|37|741|12|-1|778|-1|1|264|-1|198|242|190|
6|4|8|5|3|4|0|9|9|4|9|9|8|9|1|5|274|207|0|180|215|47|12|-1|-1|29|-1|-1|0|-1|146|10|
8|5|0|0|8|4|4|0|9|4|6|9|7|7|8|2|3|288|49|217|3|18|113|137|-1|29|588|-1|27|675|3|7|
6|5|9|5|7|4|0|6|0|5|1|8|9|7|5|2|739|288|-1|180|334|18|12|744|202|14|26|3|-1|675|71|312|
9|5|9|5|6|4|0|5|9|4|9|9|9|9|1|5|-1|258|-1|180|245|18|12|315|-1|29|-1|-1|-1|-1|146|10|
9|5|7|5|8|4|4|9|9|5|7|9|5|2|5|5|-1|288|623|180|3|18|113|-1|-1|14|791|-1|1|151|71|233|
5|2|0|5|8|4|0|9|9|9|5|9|3|7|5|5|68|220|36|180|3|18|12|-1|-1|-1|24|-1|207|675|212|10|
5|5|8|8|8|4|0|9|9|4|9|9|9|7|3|1|193|288|0|1|3|18|12|-1|-1|29|-1|-1|-1|675|11|126|
9|5|5|1|7|5|0|5|1|5|5|6|3|7|2|5|-1|258|68|192|315|20|12|192|97|187|24|277|169|675|333|10|
5|5|9|5|8|4|0|9|7|5|9|9|9|3|0|0|86|288|-1|180|3|247|12|-1|671|322|-1|-1|-1|150|221|269|
5|4|9|5|8|4|0|2|9|4|1|8|0|9|0|2|86|207|-1|180|3|18|12|260|-1|35|26|1|75|-1|135|190|
9|5|4|9|1|4|6|9|9|4|9|9|3|8|2|9|-1|288|329|-1|26|18|449|-1|-1|29|-1|-1|207|3|333|-1|
1|2|4|5|8|4|8|9|8|9|8|9|0|7|5|5|138|220|329|180|3|123|2|-1|2|-1|0|-1|267|761|71|233|
5|9|9|0|9|4|0|5|4|4|9|5|2|7|5|5|193|-1|-1|343|-1|18|12|192|179|29|-1|264|25|761|71|233|
5|5|0|0|8|4|8|0|9|9|1|5|9|7|1|1|68|258|49|217|3|18|2|46|-1|-1|26|264|-1|675|208|126|
8|2|9|0|9|4|4|9|9|4|9|9|9|9|5|5|0|1|-1|217|-1|18|113|-1|-1|29|-1|-1|-1|-1|71|233|
9|5|9|5|0|5|9|9|9|9|6|9|9|6|1|7|-1|288|-1|122|203|288|-1|-1|-1|-1|216|-1|-1|506|146|505|
9|5|8|5|8|4|4|9|9|4|9|9|9|6|2|2|-1|288|3|180|3|247|303|-1|-1|29|-1|-1|-1|277|242|190|
5|9|9|0|9|4|0|5|7|4|1|9|3|6|0|1|193|-1|-1|343|-1|18|12|192|475|35|203|-1|207|506|223|126|
5|5|5|5|0|9|0|5|4|4|9|9|0|7|5|5|86|288|68|180|53|-1|12|192|179|29|-1|-1|267|761|71|233|
9|5|4|5|9|4|0|0|9|5|1|8|9|2|2|2|-1|258|288|180|-1|18|12|137|-1|14|26|3|-1|236|242|190|
5|4|8|5|3|4|0|9|9|4|9|9|8|9|1|5|68|207|0|180|215|47|12|-1|-1|29|-1|-1|0|-1|146|10|
9|5|6|1|8|7|5|8|9|5|9|9|6|9|2|7|-1|288|21|192|3|797|43|2|-1|26|-1|-1|60|-1|240|197|
5|5|5|5|8|4|0|6|9|4|9|9|3|4|2|9|86|258|218|180|3|18|12|766|-1|29|-1|-1|207|274|333|-1|
5|1|9|5|6|4|0|9|9|4|9|9|6|7|1|3|86|203|-1|180|341|18|12|-1|-1|29|-1|-1|608|675|308|170|
9|5|4|9|0|4|4|9|9|4|9|9|2|1|0|1|-1|288|329|-1|203|18|303|-1|-1|29|-1|-1|25|177|223|126|
5|5|0|5|0|4|4|9|9|4|9|9|9|8|2|2|86|288|49|180|203|18|303|-1|-1|29|-1|-1|-1|0|242|190|
9|5|9|5|5|4|4|9|9|5|0|9|6|7|2|7|-1|288|-1|122|207|18|113|-1|-1|16|173|-1|22|761|240|197|
5|5|5|5|0|4|0|9|9|4|5|9|3|7|0|1|193|258|68|180|53|18|12|-1|-1|35|24|-1|207|228|223|126|
9|5|5|9|0|4|0|9|9|5|9|9|9|9|1|2|-1|104|218|-1|203|18|12|-1|-1|26|-1|-1|-1|-1|118|190|
5|1|9|5|4|5|0|0|9|4|9|9|3|7|2|7|193|161|-1|180|37|24|12|46|-1|29|-1|-1|207|737|240|197|
9|5|5|8|5|4|0|9|9|4|9|9|3|7|2|2|-1|288|218|1|27|18|12|-1|-1|29|-1|-1|207|675|242|190|
5|4|5|1|9|4|6|5|9|5|1|9|1|1|2|2|86|114|218|192|-1|18|276|192|-1|26|49|-1|162|284|242|190|
5|5|5|5|8|4|0|9|9|4|9|5|9|9|2|5|86|258|68|180|3|18|12|-1|-1|29|-1|264|-1|-1|28|10|
9|5|9|5|8|4|0|0|9|4|1|9|9|7|1|3|-1|288|-1|180|3|18|12|46|-1|29|26|-1|-1|675|308|170|
9|5|9|5|3|4|0|9|9|4|9|9|7|7|0|5|-1|288|-1|180|215|18|12|-1|-1|29|-1|-1|121|761|92|52|
5|4|5|9|0|7|0|0|9|4|9|9|9|7|1|2|86|114|218|-1|203|777|12|46|-1|29|-1|-1|-1|761|308|40|
5|5|5|5|8|4|5|9|9|9|1|9|9|8|2|2|86|288|218|180|3|18|61|-1|-1|-1|26|-1|-1|0|242|190|
8|9|0|5|8|4|0|9|9|5|9|9|5|9|5|2|2|-1|49|180|3|18|83|-1|-1|14|-1|-1|110|-1|71|312|
