5|1|5|5|8|4|0|0|1|9|9|9|1|0|4|6|237|17|23|324|3|18|12|80|203|-1|-1|-1|74|144|226|21|
5|5|5|5|4|5|0|9|3|9|9|9|1|0|4|6|237|258|6|324|254|162|12|-1|329|-1|-1|-1|74|144|226|21|
5|1|5|5|8|4|0|0|1|5|9|0|9|9|2|5|237|17|23|324|3|18|12|80|203|177|-1|83|-1|-1|124|286|
5|5|5|5|8|2|0|0|8|9|9|4|5|4|2|5|237|269|6|61|3|273|12|104|0|-1|-1|44|128|262|350|286|
9|5|9|5|8|3|0|1|9|1|9|3|1|2|4|5|-1|258|-1|324|3|198|12|291|-1|317|-1|297|74|331|226|286|
5|4|9|5|0|4|0|0|9|9|9|0|1|4|2|5|237|0|-1|324|56|18|12|80|-1|-1|-1|83|74|262|350|286|
9|5|5|5|8|4|0|0|8|9|9|4|5|8|7|5|-1|258|6|61|3|18|12|104|0|-1|-1|44|128|1|335|286|
9|4|9|5|2|4|0|5|8|9|9|9|1|4|4|5|-1|123|-1|324|266|18|12|219|0|-1|-1|-1|74|262|226|286|
9|9|9|5|8|9|0|4|1|9|9|5|8|5|2|5|-1|-1|-1|324|3|-1|12|195|203|-1|-1|234|0|72|124|286|
3|5|9|5|5|2|0|0|9|9|9|0|1|8|7|5|301|258|-1|199|73|201|12|80|-1|-1|-1|83|74|1|335|286|
9|5|0|5|8|4|0|0|1|5|9|0|1|9|7|7|-1|258|246|324|3|18|12|80|203|144|-1|83|115|-1|335|338|
9|5|5|5|3|4|0|5|8|9|9|9|1|4|5|5|-1|269|6|61|344|18|12|148|0|-1|-1|-1|74|262|78|286|
1|5|9|5|8|9|0|0|8|9|9|0|0|2|8|5|312|258|-1|324|3|-1|12|80|0|-1|-1|83|64|331|3|286|
9|2|5|5|8|4|0|0|9|9|9|0|1|8|7|5|-1|216|6|61|3|18|12|80|-1|-1|-1|83|74|1|335|286|
9|1|5|5|3|9|0|0|8|9|9|0|1|4|0|4|-1|92|6|61|344|-1|157|80|0|-1|-1|83|115|56|337|70|
9|1|8|5|9|9|0|0|8|9|9|0|1|0|7|7|-1|17|3|61|-1|-1|12|80|0|-1|-1|203|115|144|335|338|
5|6|9|5|8|4|1|0|9|9|6|9|0|4|7|5|237|68|-1|324|3|215|142|80|-1|-1|588|-1|322|56|262|286|
5|5|9|5|2|4|0|5|9|9|9|9|1|3|4|6|237|258|-1|324|266|18|12|148|-1|-1|-1|-1|74|215|226|21|
9|5|9|5|8|0|0|0|8|9|9|0|1|0|5|5|-1|258|-1|61|3|270|12|80|0|-1|-1|203|115|144|75|63|
5|8|9|5|0|4|0|0|1|9|9|9|1|9|7|5|237|2|-1|324|89|18|12|80|203|-1|-1|-1|74|-1|335|286|
5|5|0|5|8|4|0|0|8|9|9|9|7|8|7|9|68|269|227|324|3|18|12|80|0|-1|-1|-1|437|1|533|-1|
9|5|2|5|8|4|0|0|5|9|9|0|1|4|5|5|-1|269|15|324|3|18|12|80|133|-1|-1|83|74|262|75|63|
5|5|9|5|8|4|0|9|0|9|5|9|5|3|5|4|237|269|-1|324|3|18|12|-1|241|-1|171|-1|128|197|75|70|
0|5|9|5|8|4|0|9|7|8|3|9|1|9|7|5|218|258|-1|324|3|18|12|-1|251|3|302|-1|115|-1|335|286|
9|5|2|8|8|4|0|0|1|9|9|0|9|2|5|4|-1|258|15|0|0|18|12|296|203|-1|-1|83|-1|131|75|70|
5|5|2|5|8|4|0|0|8|8|9|9|9|4|8|7|237|269|15|324|0|18|12|104|0|3|-1|-1|-1|193|3|370|
5|5|0|5|8|4|8|9|1|9|9|0|1|4|4|5|237|269|227|61|3|18|0|-1|203|-1|-1|83|74|262|226|286|
5|3|9|0|3|4|0|0|8|9|9|0|1|0|9|6|237|357|-1|60|247|18|12|80|0|-1|-1|83|115|144|-1|139|
9|6|5|5|8|4|2|8|8|8|5|0|1|4|4|9|-1|534|6|61|3|18|283|0|0|1|350|83|74|262|101|-1|
5|5|0|5|5|2|0|0|8|5|9|0|1|5|2|5|237|258|102|324|26|28|12|80|0|263|-1|83|74|72|124|286|
9|4|5|5|8|4|0|0|8|8|9|6|1|6|4|5|-1|123|6|61|3|18|12|80|0|3|-1|393|74|630|226|286|
5|5|9|5|8|4|0|8|8|9|9|9|1|8|9|5|237|258|-1|324|3|18|12|1|0|-1|-1|-1|115|1|-1|286|
5|1|7|0|1|4|0|1|8|5|9|0|1|4|0|9|237|17|365|207|124|18|12|257|0|300|-1|83|74|323|298|-1|
2|5|2|5|6|4|0|5|9|9|9|0|2|4|5|4|172|258|15|324|123|18|12|148|-1|-1|-1|83|337|193|75|70|
4|5|9|5|8|4|0|0|9|9|7|0|9|2|5|4|345|258|-1|324|3|18|12|80|-1|-1|36|83|-1|131|75|70|
5|5|5|5|8|2|0|0|1|9|5|9|1|4|7|5|237|258|6|324|3|201|12|230|195|-1|86|-1|74|262|335|286|
9|1|5|5|8|9|0|5|9|9|9|0|1|8|1|5|-1|92|6|61|3|-1|12|148|-1|-1|-1|83|74|1|285|286|
4|5|9|5|8|4|0|0|7|6|9|9|1|9|8|5|345|258|-1|324|3|18|12|80|196|267|-1|-1|74|-1|3|286|
5|5|1|5|8|4|0|4|5|9|5|9|5|3|8|4|237|292|73|324|3|18|12|195|133|-1|171|-1|128|197|3|134|
5|5|5|5|8|4|5|7|9|9|9|0|7|7|7|5|237|258|6|61|3|18|323|285|-1|-1|-1|83|437|281|335|286|
3|5|5|5|4|4|0|0|8|9|9|0|9|4|9|5|301|258|6|271|254|18|12|80|2|-1|-1|83|-1|250|-1|286|
5|5|0|5|8|4|8|9|1|9|9|0|2|4|8|7|237|269|227|61|3|18|0|-1|203|-1|-1|83|337|193|3|370|
5|5|5|5|4|5|0|9|8|9|9|9|0|0|5|4|237|269|6|61|254|162|12|-1|0|-1|-1|-1|186|144|75|70|
9|5|5|5|4|5|0|9|9|9|2|9|7|7|7|0|-1|258|6|61|254|162|12|-1|-1|-1|262|-1|437|281|533|343|
5|5|9|7|1|4|0|0|8|7|7|0|1|7|7|5|237|258|-1|468|97|18|12|80|0|90|36|83|115|281|335|286|
4|3|5|5|2|8|0|9|7|9|9|9|1|9|7|5|83|147|6|324|302|0|12|-1|251|-1|-1|-1|115|-1|335|286|
3|5|5|5|8|4|0|9|9|1|8|9|1|4|7|5|301|258|6|61|3|18|12|-1|-1|317|2|-1|74|262|262|286|
5|5|6|5|3|4|0|9|8|9|0|9|2|4|5|3|237|258|211|324|62|18|12|-1|2|-1|145|-1|337|193|182|339|
5|6|9|9|8|4|0|0|9|8|3|9|1|3|5|5|237|168|-1|-1|3|18|12|80|-1|3|302|-1|74|215|78|286|
5|5|9|5|8|4|0|0|9|9|9|3|2|4|6|4|237|258|-1|324|3|18|12|80|-1|-1|-1|153|337|193|786|134|
4|5|9|5|7|9|0|9|8|9|9|6|1|4|9|5|345|258|-1|249|744|-1|12|-1|0|-1|-1|155|74|262|-1|286|
0|5|2|5|8|4|0|0|8|5|9|0|1|5|2|5|218|258|15|61|3|18|12|80|0|263|-1|203|74|72|124|286|
9|4|5|5|8|4|0|0|1|9|9|0|2|2|5|4|-1|123|6|324|0|18|12|296|203|-1|-1|83|337|131|75|70|
1|5|5|1|3|4|0|0|8|9|2|9|1|4|4|5|312|258|6|206|344|18|12|80|0|-1|262|-1|74|262|226|286|
9|4|4|9|8|4|0|0|9|9|9|0|1|8|7|9|-1|323|334|-1|3|18|12|80|-1|-1|-1|83|74|1|650|-1|
3|8|5|1|3|4|2|0|8|4|9|8|1|7|9|5|301|0|6|206|344|18|204|80|0|102|-1|1|115|281|-1|286|
5|5|5|5|8|4|5|0|8|9|9|0|9|4|1|5|237|258|6|61|3|18|323|80|2|-1|-1|203|-1|250|141|286|
5|5|0|5|9|4|0|0|8|8|9|6|1|6|7|9|237|258|102|324|-1|18|12|80|0|3|-1|393|74|630|650|-1|
5|5|3|5|8|7|0|0|1|9|9|0|7|7|4|5|237|258|181|324|3|636|12|80|203|-1|-1|83|437|281|226|286|
9|9|5|5|8|6|0|0|8|9|9|9|2|4|7|5|-1|-1|6|324|3|738|12|80|2|-1|-1|-1|337|193|625|286|
5|1|0|1|3|4|0|2|8|9|7|0|9|4|8|4|237|130|227|206|344|18|12|77|0|-1|291|203|-1|262|3|134|
3|5|0|5|8|4|0|0|8|9|9|9|1|4|7|5|301|258|246|324|3|18|12|80|0|-1|-1|-1|115|193|283|286|
5|5|9|5|8|4|0|9|8|9|7|9|9|1|7|5|237|258|-1|324|3|18|12|-1|2|-1|36|-1|-1|53|537|286|
7|6|9|5|8|4|0|2|0|9|2|9|2|4|8|5|308|488|-1|61|3|18|12|251|316|-1|245|-1|337|193|3|286|
3|3|5|5|9|4|0|2|7|9|7|9|1|9|7|5|244|212|6|61|-1|18|12|307|139|-1|36|-1|115|-1|335|286|
9|0|0|5|8|8|0|0|8|0|3|9|0|6|0|4|-1|159|246|324|3|1|12|115|0|232|302|-1|322|741|298|37|
5|1|9|5|8|4|0|0|9|9|2|1|8|9|7|9|237|17|-1|324|3|18|12|80|-1|-1|17|315|2|-1|650|-1|
9|8|5|9|7|4|0|1|2|0|9|8|0|2|7|4|-1|1|6|-1|795|18|12|291|141|21|-1|0|51|331|533|224|
6|1|0|5|8|4|0|0|8|9|6|0|9|2|1|5|730|92|171|61|3|18|12|80|0|-1|588|83|-1|131|141|286|
5|5|5|5|8|4|0|0|8|7|7|0|7|7|7|9|237|258|6|324|3|18|12|80|0|90|36|83|437|281|650|-1|
9|5|0|5|2|8|0|3|9|8|9|9|7|4|5|4|-1|258|227|324|302|3|12|25|-1|3|-1|-1|437|56|271|134|
5|5|9|1|9|4|0|2|9|9|7|9|8|4|0|5|237|258|-1|35|-1|18|12|77|-1|-1|36|-1|0|56|212|286|
5|9|9|5|8|4|0|5|8|9|9|0|5|4|4|5|237|-1|-1|324|3|18|12|75|2|-1|-1|83|128|262|226|286|
5|1|5|5|6|4|2|0|8|9|7|9|1|8|7|0|237|101|23|324|510|18|250|80|1|-1|263|-1|74|1|335|98|
9|5|6|5|8|4|0|5|9|9|9|1|9|1|5|4|-1|20|183|324|3|18|12|148|-1|-1|-1|332|-1|101|75|70|
9|5|2|5|8|4|0|0|9|9|9|0|1|7|1|5|-1|269|15|324|3|18|12|80|-1|-1|-1|203|115|281|141|286|
5|5|2|5|8|4|0|9|8|9|9|0|2|4|5|4|237|258|250|324|3|18|12|-1|0|-1|-1|83|337|193|75|70|
3|6|5|5|8|4|1|0|1|9|9|9|1|9|4|9|301|534|6|61|3|18|142|80|203|-1|-1|-1|115|-1|101|-1|
9|5|9|5|0|4|0|0|8|4|9|9|1|4|4|9|-1|269|-1|324|89|18|12|80|0|102|-1|-1|74|262|101|-1|
5|1|9|5|0|4|0|0|1|2|3|9|7|4|0|4|237|17|-1|324|89|18|12|80|175|163|250|-1|437|56|337|70|
3|5|9|5|9|9|0|0|8|9|9|0|1|8|9|5|2|269|-1|324|-1|-1|12|80|0|-1|-1|83|115|1|-1|286|
4|5|0|5|4|4|0|5|1|3|2|8|1|4|7|5|345|258|246|324|254|18|12|148|218|309|262|1|115|262|335|286|
5|8|5|6|8|4|0|0|9|9|9|0|2|5|7|9|237|1|6|376|3|18|12|80|-1|-1|-1|83|337|242|650|-1|
9|8|5|5|8|4|0|0|2|9|9|6|9|4|0|5|-1|0|6|324|3|18|12|80|315|-1|-1|155|-1|56|337|32|
5|1|2|5|0|7|0|0|8|2|9|0|2|4|8|5|237|348|133|324|89|743|12|80|0|136|-1|83|337|193|3|286|
5|5|9|5|4|4|0|0|8|9|9|0|5|2|0|6|237|269|-1|324|50|18|12|80|0|-1|-1|83|128|326|151|45|
5|5|5|8|8|4|0|0|8|8|9|4|7|7|0|5|237|258|6|1|3|18|12|80|0|3|-1|44|437|281|298|286|
5|1|5|5|8|9|7|2|9|9|7|0|0|2|5|4|237|92|6|324|3|-1|410|77|-1|-1|36|83|186|69|75|70|
4|1|5|5|5|4|0|9|8|9|9|8|7|8|7|9|345|92|6|224|358|18|12|-1|0|-1|-1|1|437|1|533|-1|
5|9|9|5|0|4|0|0|8|0|7|5|4|4|8|5|237|-1|-1|324|89|18|12|80|2|95|36|173|334|193|3|286|
3|1|5|5|3|5|1|0|8|2|9|9|5|1|9|5|246|92|23|324|344|162|142|80|0|136|-1|-1|128|53|-1|286|
5|5|5|5|8|9|0|0|8|5|9|9|1|9|8|5|237|258|6|53|3|-1|12|80|0|332|-1|-1|115|-1|3|286|
5|5|5|5|9|0|0|9|8|9|9|9|1|5|7|9|237|269|6|61|-1|271|12|-1|0|-1|-1|-1|74|72|650|-1|
9|5|9|1|8|4|0|1|8|8|9|9|9|4|4|5|-1|269|-1|206|3|18|93|257|2|3|-1|-1|-1|262|226|286|
3|5|0|5|3|4|0|0|8|9|6|4|7|3|7|5|301|258|246|324|150|18|12|80|0|-1|588|44|437|112|335|286|
5|5|5|5|4|5|0|9|1|9|9|9|1|0|4|6|237|258|6|324|254|162|12|-1|203|-1|-1|-1|74|144|226|21|
5|1|5|5|8|4|0|0|3|5|9|0|9|9|2|5|237|17|23|324|3|18|12|80|329|177|-1|83|-1|-1|124|286|
5|5|5|5|8|4|0|0|8|9|9|4|5|4|2|5|237|258|6|61|3|18|12|104|0|-1|-1|44|128|262|350|286|
9|5|9|5|8|3|0|1|9|1|9|3|1|2|4|5|-1|269|-1|324|3|198|12|291|-1|317|-1|297|74|331|226|286|
5|4|9|5|0|4|0|0|9|9|9|4|5|4|2|5|237|0|-1|324|56|18|12|80|-1|-1|-1|44|128|262|350|286|
