4|1|9|1|8|8|0|9|9|9|5|9|0|6|2|4|279|316|-1|206|3|2|12|-1|-1|-1|331|-1|157|722|348|224|
2|0|9|9|8|4|0|9|9|3|9|9|4|4|6|8|339|262|-1|-1|3|18|12|-1|-1|65|-1|-1|79|262|154|2|
5|4|9|5|8|8|4|9|9|9|9|9|6|6|9|8|237|313|-1|324|3|2|74|-1|-1|-1|-1|-1|694|465|-1|3|
9|5|9|1|0|7|0|0|9|9|9|9|8|2|2|4|-1|258|-1|206|172|5|12|80|-1|-1|-1|-1|1|232|348|224|
5|5|9|5|8|9|9|4|1|9|9|9|0|6|8|4|77|258|-1|324|3|-1|-1|231|232|-1|-1|-1|313|170|3|14|
5|0|9|9|4|8|0|5|9|9|9|9|0|6|7|4|77|214|-1|-1|119|1|12|41|-1|-1|-1|-1|313|465|310|224|
4|5|9|5|8|9|4|9|9|9|9|9|0|7|9|8|279|258|-1|324|3|-1|171|-1|-1|-1|-1|-1|83|622|-1|3|
5|5|9|5|8|1|5|9|9|9|9|9|2|7|2|6|77|258|-1|324|3|107|22|-1|-1|-1|-1|-1|156|641|259|340|
5|5|9|5|9|1|5|9|9|9|9|9|6|7|4|6|77|258|-1|324|-1|339|22|-1|-1|-1|-1|-1|47|641|271|496|
4|5|9|5|8|3|3|9|9|9|8|9|5|7|2|4|279|193|-1|324|3|143|176|-1|-1|-1|3|-1|103|641|348|224|
5|0|9|1|8|8|4|9|9|9|9|9|7|6|2|2|237|232|-1|206|3|2|171|-1|-1|-1|-1|-1|568|465|348|255|
5|5|9|5|1|4|9|1|9|9|9|9|6|4|6|1|237|258|-1|214|107|18|-1|253|-1|-1|-1|-1|694|262|754|62|
5|5|9|5|8|4|5|9|9|9|9|9|0|2|2|6|237|258|-1|324|3|18|22|-1|-1|-1|-1|-1|83|36|259|340|
5|5|9|5|8|9|0|9|0|9|9|9|0|6|7|4|77|258|-1|324|3|-1|12|-1|79|-1|-1|-1|313|465|310|224|
4|5|9|5|4|8|5|9|9|9|8|2|7|6|9|8|279|258|-1|324|46|2|233|-1|-1|-1|3|319|332|722|-1|3|
5|5|9|4|8|8|1|9|9|9|8|9|5|7|2|4|217|258|-1|274|3|2|147|-1|-1|-1|3|-1|103|641|348|224|
5|5|9|5|7|4|0|0|2|8|9|9|6|6|6|8|77|258|-1|324|465|18|12|80|348|0|-1|-1|694|465|154|2|
2|5|9|5|8|8|5|9|8|9|5|9|6|2|3|4|243|258|-1|324|1|2|233|-1|2|-1|331|-1|762|36|333|224|
5|5|9|5|8|8|9|9|9|9|9|9|4|2|2|4|77|258|-1|324|3|2|-1|-1|-1|-1|-1|-1|79|36|259|299|
6|5|9|5|8|9|4|9|9|9|9|9|0|7|0|6|82|258|-1|324|3|-1|171|-1|-1|-1|-1|-1|150|641|294|340|
4|5|1|8|4|3|9|2|4|9|9|9|4|5|2|4|279|271|74|1|119|147|-1|195|192|-1|-1|-1|279|342|348|224|
4|5|9|3|8|9|0|9|9|9|8|9|6|7|8|4|323|193|-1|37|3|-1|12|-1|-1|-1|0|-1|314|641|3|14|
5|5|9|9|8|8|0|7|9|9|1|5|4|6|2|2|77|258|-1|-1|3|2|12|195|-1|-1|356|118|279|465|348|255|
5|9|9|5|8|9|2|2|9|3|9|9|6|9|1|6|194|-1|-1|324|3|-1|197|198|-1|202|-1|-1|694|-1|273|496|
4|0|9|5|8|9|4|1|9|9|9|9|0|5|6|1|323|342|-1|324|3|-1|74|316|-1|-1|-1|-1|83|342|754|62|
4|5|2|1|8|8|0|9|9|9|6|9|0|6|2|4|279|258|335|206|3|2|12|-1|-1|-1|460|-1|313|170|348|224|
5|5|9|5|8|8|0|9|0|9|9|9|0|6|8|4|237|258|-1|324|3|2|12|-1|79|-1|-1|-1|313|170|3|14|
5|4|9|9|8|9|0|0|9|9|9|9|4|2|4|6|77|175|-1|-1|3|-1|12|80|-1|-1|-1|-1|79|36|271|496|
5|5|1|9|7|3|9|9|9|9|9|9|4|7|9|4|237|269|18|-1|666|196|-1|-1|-1|-1|-1|-1|279|641|-1|224|
9|0|9|5|4|8|5|0|9|9|5|9|7|6|2|2|-1|214|-1|324|46|2|233|166|-1|-1|331|-1|568|465|348|255|
5|0|9|5|8|8|5|9|9|9|9|9|6|6|9|4|237|1|-1|214|3|2|22|-1|-1|-1|-1|-1|762|170|-1|224|
4|4|1|1|1|8|0|9|4|9|8|9|7|5|4|6|147|313|232|206|149|2|12|-1|308|-1|3|-1|437|279|271|496|
0|5|9|0|9|9|0|9|9|8|4|9|9|7|8|4|328|258|-1|247|-1|-1|12|-1|-1|3|64|-1|-1|641|3|14|
5|5|1|1|8|9|0|0|9|9|8|9|6|6|4|6|237|193|74|206|3|-1|12|80|-1|-1|0|-1|314|114|271|496|
7|1|1|4|4|4|5|0|9|9|8|9|7|7|4|4|487|22|232|198|119|19|22|80|-1|-1|3|-1|456|641|136|224|
5|0|4|5|1|9|0|0|9|9|8|9|0|7|6|4|237|232|266|324|149|-1|12|80|-1|-1|0|-1|83|622|716|224|
6|0|1|9|8|9|0|4|3|7|9|9|6|2|2|6|228|214|18|-1|3|-1|12|343|208|5|-1|-1|762|36|259|340|
4|5|9|0|8|1|9|9|9|9|9|9|5|7|2|8|279|271|-1|92|3|339|-1|-1|-1|-1|-1|-1|39|622|348|1|
5|5|9|5|9|1|0|9|9|9|9|8|3|7|6|6|77|258|-1|324|-1|339|272|-1|-1|-1|-1|2|28|622|219|340|
2|5|9|3|8|9|4|9|9|3|9|0|4|6|5|1|339|193|-1|37|3|-1|171|-1|-1|65|-1|203|79|722|182|62|
5|0|9|4|9|3|9|0|9|9|9|0|5|4|6|8|77|262|-1|274|-1|12|-1|166|-1|-1|-1|233|27|21|154|2|
2|4|1|4|8|9|5|9|9|9|9|9|0|5|3|6|339|313|18|274|3|-1|22|-1|-1|-1|-1|-1|312|197|340|496|
6|0|3|5|8|9|0|0|9|9|9|9|8|2|2|4|228|262|142|324|3|-1|12|80|-1|-1|-1|-1|1|232|348|224|
5|5|5|5|2|8|0|9|9|9|9|3|6|7|5|6|77|258|352|324|106|2|12|-1|-1|-1|-1|334|762|641|146|496|
5|0|9|5|8|4|0|9|0|9|9|9|3|2|2|6|237|262|-1|214|3|18|12|-1|121|-1|-1|-1|247|36|259|340|
5|4|9|9|7|3|9|9|9|9|9|9|6|7|5|1|77|175|-1|-1|666|196|-1|-1|-1|-1|-1|-1|75|641|182|62|
2|2|4|5|8|9|0|0|6|9|9|9|4|7|9|4|339|58|290|324|3|-1|12|159|695|-1|-1|-1|279|641|-1|224|
3|4|3|5|8|2|5|9|9|9|9|9|0|4|4|1|100|313|259|189|3|212|233|-1|-1|-1|-1|-1|83|262|281|62|
6|5|9|1|0|8|7|9|9|9|9|9|0|4|4|1|747|258|-1|206|315|2|650|-1|-1|-1|-1|-1|83|262|281|62|
4|0|9|4|8|8|4|9|9|7|1|9|0|7|6|4|279|262|-1|274|3|2|74|-1|-1|533|46|-1|83|622|716|224|
5|5|9|2|6|8|0|0|9|9|8|9|5|7|2|4|217|271|-1|40|290|2|12|294|-1|-1|3|-1|103|641|348|224|
2|6|9|5|8|8|0|9|9|9|9|9|4|9|2|6|339|594|-1|324|3|2|12|-1|-1|-1|-1|-1|79|-1|259|340|
4|5|9|5|8|8|0|9|9|2|9|9|0|5|4|6|323|258|-1|214|3|2|12|-1|-1|197|-1|-1|83|342|271|496|
9|5|9|8|0|9|5|1|9|9|9|9|0|7|5|6|-1|193|-1|2|3|-1|22|316|-1|-1|-1|-1|150|641|182|293|
5|5|9|5|0|4|5|8|9|9|8|9|4|7|8|4|77|258|-1|324|3|18|22|0|-1|-1|3|-1|279|641|3|14|
7|9|1|1|1|4|5|9|2|9|9|9|4|7|7|6|257|-1|74|206|107|18|22|-1|5|-1|-1|-1|279|641|634|336|
4|6|9|5|4|0|9|1|9|9|9|9|0|6|8|4|279|799|-1|324|229|95|-1|253|-1|-1|-1|-1|313|170|3|14|
5|1|6|9|8|4|9|9|3|3|6|9|0|5|6|8|237|316|24|-1|3|18|-1|-1|66|187|143|-1|83|279|769|2|
9|7|4|4|4|1|5|9|9|9|9|1|0|4|4|1|-1|276|89|96|229|339|233|-1|-1|-1|-1|319|83|262|281|62|
4|5|2|5|8|4|0|9|9|9|9|9|0|6|5|4|279|258|335|324|3|18|12|-1|-1|-1|-1|-1|83|170|182|167|
2|0|9|5|2|8|4|9|9|9|9|9|0|6|8|4|339|262|-1|324|106|2|171|-1|-1|-1|-1|-1|313|170|3|14|
5|5|9|5|2|8|4|0|9|9|9|0|9|9|2|6|77|258|-1|324|106|2|171|80|-1|-1|-1|328|-1|-1|259|340|
5|0|9|5|8|8|0|9|9|9|9|9|4|2|2|6|217|342|-1|324|3|2|12|-1|-1|-1|-1|-1|79|36|259|340|
5|5|9|5|8|8|9|9|9|3|9|9|0|7|0|8|237|269|-1|214|3|2|-1|-1|-1|192|-1|-1|83|641|183|2|
8|0|9|1|4|8|0|9|2|9|9|9|0|4|6|1|0|1|-1|206|46|2|12|-1|348|-1|-1|-1|83|262|754|62|
7|1|1|5|8|9|6|9|9|1|9|9|3|5|5|6|487|22|137|324|3|-1|276|-1|-1|204|-1|-1|193|279|182|293|
9|4|3|0|3|4|5|0|2|8|9|9|5|7|9|0|-1|313|302|211|282|18|22|80|348|0|-1|-1|260|641|-1|332|
4|5|9|5|8|4|5|0|9|9|3|9|4|7|7|4|279|258|-1|324|3|18|22|166|-1|-1|37|-1|279|622|310|224|
4|7|4|5|2|4|5|0|9|3|4|9|0|9|3|4|279|276|89|324|106|18|22|80|-1|260|299|-1|83|-1|333|224|
2|0|9|1|0|0|9|0|9|9|9|9|6|4|8|8|339|342|-1|206|172|194|-1|166|-1|-1|-1|-1|314|262|3|2|
4|0|9|5|2|4|4|9|9|3|9|0|4|6|5|1|323|262|-1|324|106|18|74|-1|-1|65|-1|203|79|722|182|62|
0|5|9|5|5|4|5|9|9|9|9|9|0|4|6|1|328|258|-1|324|261|18|22|-1|-1|-1|-1|-1|83|262|754|62|
5|5|9|5|8|4|9|9|8|9|9|9|0|5|2|6|237|258|-1|324|3|18|-1|-1|3|-1|-1|-1|313|342|259|340|
5|0|1|5|3|9|2|9|2|8|9|9|6|6|5|1|237|1|74|324|184|-1|28|-1|348|0|-1|-1|694|465|182|62|
2|0|9|5|8|8|4|9|9|3|9|0|4|6|6|8|339|262|-1|324|3|2|74|-1|-1|65|-1|203|79|722|154|2|
0|5|4|8|8|4|7|9|0|9|1|9|4|4|4|1|328|258|95|3|3|284|501|-1|179|-1|117|-1|79|262|281|62|
7|0|9|9|8|7|3|9|9|9|9|9|6|7|3|4|433|242|-1|-1|3|30|44|-1|-1|-1|-1|-1|694|641|333|224|
5|7|4|4|4|3|3|0|9|9|9|2|0|6|8|4|237|276|89|96|229|143|176|80|-1|-1|-1|122|313|170|3|14|
4|5|9|5|9|1|5|0|9|9|7|9|0|6|5|6|279|258|-1|324|-1|339|22|80|-1|-1|589|-1|282|465|182|293|
4|5|9|9|8|1|9|9|2|9|9|8|3|7|6|6|279|258|-1|-1|3|339|-1|-1|21|-1|-1|2|28|622|219|340|
7|5|9|5|8|8|4|9|9|9|9|9|6|7|4|6|377|269|-1|324|3|2|171|-1|-1|-1|-1|-1|694|662|271|496|
5|4|9|5|8|8|0|9|2|9|9|9|0|4|6|1|77|175|-1|214|3|2|12|-1|348|-1|-1|-1|83|262|754|62|
5|5|9|2|6|8|0|9|9|9|5|9|0|6|8|4|237|269|-1|50|472|2|12|-1|-1|-1|331|-1|313|170|3|356|
5|5|2|5|8|8|0|9|9|9|8|9|4|9|2|4|77|271|351|214|3|2|12|-1|-1|-1|3|-1|79|-1|348|224|
4|1|9|1|8|8|0|9|9|9|5|9|0|6|2|6|279|316|-1|206|3|2|12|-1|-1|-1|331|-1|157|722|259|340|
0|0|9|9|8|4|0|9|9|3|9|9|4|4|6|8|336|262|-1|-1|3|18|12|-1|-1|65|-1|-1|79|262|154|2|
5|4|9|5|8|8|4|9|9|9|9|9|6|6|9|8|237|313|-1|324|3|2|74|-1|-1|-1|-1|-1|694|465|-1|3|
9|5|9|1|0|7|9|4|1|9|9|9|8|2|2|4|-1|258|-1|206|172|5|-1|231|232|-1|-1|-1|1|232|348|224|
5|5|9|5|8|9|8|0|9|9|9|9|0|6|8|4|77|258|-1|324|3|-1|2|80|-1|-1|-1|-1|313|170|3|14|
5|0|9|9|4|8|0|5|9|9|9|9|0|6|7|4|77|214|-1|-1|119|1|12|41|-1|-1|-1|-1|83|465|310|224|
4|5|9|5|8|9|4|9|9|9|9|9|0|7|9|8|279|258|-1|324|3|-1|171|-1|-1|-1|-1|-1|313|622|-1|3|
5|5|9|5|9|1|5|9|9|9|9|9|2|7|2|6|77|258|-1|324|-1|107|22|-1|-1|-1|-1|-1|156|641|259|340|
5|5|9|5|8|1|5|9|9|9|9|9|6|7|4|6|77|258|-1|324|3|339|22|-1|-1|-1|-1|-1|47|641|271|496|
4|5|9|5|8|3|3|9|9|9|8|9|5|7|2|4|279|193|-1|324|3|143|176|-1|-1|-1|3|-1|103|641|348|224|
5|0|9|1|8|8|4|9|9|9|9|9|7|6|2|2|237|232|-1|206|3|2|171|-1|-1|-1|-1|-1|568|465|348|255|
5|5|9|5|1|4|9|1|9|9|9|9|0|4|6|1|237|258|-1|214|107|18|-1|253|-1|-1|-1|-1|83|262|754|62|
5|5|9|5|8|4|5|9|9|9|9|9|6|2|2|6|237|258|-1|324|3|18|22|-1|-1|-1|-1|-1|694|36|259|340|
5|5|9|5|8|9|0|9|0|9|9|9|0|6|7|4|77|258|-1|324|3|-1|12|-1|79|-1|-1|-1|313|465|310|224|
4|5|9|5|4|8|5|9|9|9|8|9|7|6|9|8|279|258|-1|324|46|2|233|-1|-1|-1|3|-1|332|722|-1|3|
7|5|9|5|7|4|1|9|9|9|8|9|5|7|2|4|774|258|-1|324|465|18|147|-1|-1|-1|3|-1|103|641|348|224|
