0|5|1|5|8|5|0|9|5|9|9|8|8|6|2|4|236|236|121|162|3|66|12|-1|2|-1|-1|3|2|227|17|90|
5|5|1|1|5|4|0|9|5|8|9|8|9|8|2|4|237|236|121|203|96|79|12|-1|2|0|-1|3|-1|2|17|90|
0|5|1|5|8|5|0|9|5|1|9|8|8|6|4|7|236|236|121|162|3|66|12|-1|2|57|-1|3|2|227|31|269|
9|5|1|5|8|9|0|9|5|8|9|8|8|6|5|2|-1|93|117|162|3|-1|108|-1|2|0|-1|0|2|227|96|257|
7|5|1|5|8|8|2|9|0|8|9|0|1|4|4|2|40|236|121|162|3|3|30|-1|360|0|-1|150|0|200|116|343|
9|5|1|5|8|4|0|9|5|8|9|8|6|1|0|4|-1|236|121|162|3|79|12|-1|2|0|-1|3|636|124|214|212|
4|5|1|5|8|3|0|9|5|3|9|5|4|6|5|0|241|236|121|162|3|355|108|-1|2|276|-1|72|323|227|129|319|
9|2|4|5|8|9|0|9|5|2|9|8|7|9|2|4|-1|207|76|162|3|-1|108|-1|2|281|-1|3|285|-1|17|90|
9|9|1|5|8|0|2|9|5|8|9|8|9|0|4|8|-1|-1|117|162|3|318|295|-1|2|0|-1|2|-1|335|116|2|
9|9|1|5|8|8|1|2|5|3|9|5|7|2|5|0|-1|-1|121|162|3|2|19|4|2|276|-1|72|285|75|129|319|
5|5|1|5|8|5|8|9|0|8|9|8|2|9|2|4|237|93|121|162|3|66|0|-1|360|0|-1|3|260|-1|17|90|
9|5|9|3|0|7|7|9|5|2|9|8|8|8|5|6|-1|236|-1|291|37|752|93|-1|2|350|-1|3|2|2|96|484|
7|5|1|5|8|8|0|9|0|9|5|8|3|4|5|7|0|93|121|162|3|3|12|-1|205|-1|20|3|297|44|274|221|
9|5|1|5|8|8|0|1|0|9|9|8|9|8|6|7|-1|93|121|162|3|3|12|67|205|-1|-1|3|-1|2|699|269|
9|8|1|3|8|0|0|9|5|8|9|8|5|4|3|1|-1|3|117|291|3|318|139|-1|2|0|-1|3|239|44|282|309|
9|5|1|5|8|5|0|9|4|8|9|8|8|4|2|9|-1|236|117|162|3|115|12|-1|243|0|-1|3|2|192|198|-1|
9|5|1|5|8|8|6|9|5|8|9|8|8|8|5|6|-1|236|121|162|3|3|768|-1|2|0|-1|3|2|2|96|484|
9|2|1|5|8|4|0|0|5|8|9|8|7|9|2|4|-1|60|133|162|3|162|108|298|2|0|-1|3|285|-1|17|90|
9|5|1|5|8|9|0|9|5|9|9|8|5|6|7|4|-1|93|121|162|3|-1|186|-1|2|-1|-1|3|239|227|102|144|
9|5|7|5|8|8|0|9|5|3|9|3|3|8|5|0|-1|236|122|162|3|3|12|-1|2|48|-1|177|312|2|129|319|
7|5|1|5|8|2|0|9|3|2|9|8|7|8|5|4|0|93|117|162|3|347|139|-1|107|338|-1|3|237|2|96|144|
9|6|1|5|8|4|0|9|0|9|9|8|2|7|4|4|-1|541|117|162|3|79|12|-1|205|-1|-1|3|260|457|346|144|
7|0|9|5|8|0|0|9|5|8|9|8|5|4|2|9|0|347|-1|162|3|318|139|-1|2|0|-1|3|239|44|41|-1|
9|5|1|5|3|8|0|9|5|4|2|9|7|4|5|0|-1|236|121|162|227|3|108|-1|2|31|320|-1|237|200|129|319|
2|9|1|5|4|9|0|0|5|1|5|8|8|9|5|4|248|-1|121|162|111|-1|12|224|2|311|20|3|2|-1|96|144|
9|5|9|5|8|2|0|9|2|8|0|8|6|7|6|7|-1|93|-1|162|3|76|12|-1|215|0|113|3|636|457|344|221|
9|5|9|5|8|4|9|6|5|8|9|8|9|0|3|5|-1|93|-1|162|3|79|-1|481|2|0|-1|3|-1|335|282|118|
9|5|1|5|8|3|0|9|5|8|9|8|6|4|1|2|-1|236|121|162|3|355|108|-1|2|0|-1|1|636|200|203|200|
9|2|6|5|2|9|7|9|5|8|9|8|2|4|3|4|-1|264|227|162|162|-1|108|-1|2|0|-1|3|260|200|282|212|
5|5|9|9|8|8|0|9|5|1|0|8|5|4|4|4|237|93|-1|-1|3|3|12|-1|2|311|113|3|239|44|346|144|
9|9|1|5|8|4|0|9|5|9|9|8|7|9|2|4|-1|-1|117|162|3|79|108|-1|2|-1|-1|3|285|-1|17|90|
0|8|1|5|2|9|0|9|4|8|9|1|2|5|7|4|34|3|117|162|162|-1|12|-1|288|0|-1|19|260|280|102|144|
9|5|1|5|8|8|0|1|5|7|9|8|8|9|5|2|-1|93|121|162|3|3|12|67|2|35|-1|0|2|-1|96|257|
0|5|1|5|2|1|0|9|5|8|9|5|7|4|3|4|34|93|280|162|66|245|139|-1|2|0|-1|260|237|44|282|90|
7|5|1|5|8|4|0|9|5|8|9|8|2|6|6|6|0|236|133|162|3|79|12|-1|2|0|-1|3|260|227|627|414|
7|5|9|5|2|3|0|9|5|8|9|8|2|9|2|4|40|236|-1|162|6|355|139|-1|2|0|-1|3|260|-1|17|90|
6|5|1|5|8|2|0|1|5|8|9|8|2|0|3|9|184|236|121|162|3|134|108|67|2|0|-1|0|147|335|282|-1|
3|5|1|5|1|4|0|9|5|8|9|5|7|6|9|0|204|236|121|162|0|333|108|-1|132|0|-1|72|285|227|-1|319|
9|7|7|5|8|4|0|9|5|8|5|8|2|7|5|5|-1|144|435|162|3|79|12|-1|2|0|20|3|260|272|96|165|
9|5|5|5|8|8|0|1|5|8|9|1|2|6|3|4|-1|93|70|162|3|3|12|67|2|0|-1|19|260|227|282|212|
9|5|1|5|3|8|0|9|5|8|9|8|8|2|5|0|-1|236|121|162|227|3|108|-1|2|0|-1|0|2|75|129|319|
9|6|1|5|8|5|8|9|5|8|9|0|5|9|3|4|-1|306|121|162|3|66|0|-1|2|0|-1|275|239|-1|282|212|
5|8|3|5|2|1|0|9|5|8|9|0|7|4|3|4|237|2|238|162|66|245|139|-1|2|0|-1|150|237|44|282|212|
9|5|9|5|8|8|7|9|5|8|9|8|2|2|3|4|-1|93|-1|162|3|3|93|-1|132|0|-1|3|147|75|282|212|
9|5|9|5|8|4|2|1|5|8|0|0|8|9|3|2|-1|93|-1|162|3|25|295|50|2|0|113|275|2|-1|6|200|
7|2|9|5|8|8|0|8|5|4|9|8|2|0|5|7|0|35|-1|162|3|3|139|2|2|81|-1|3|260|335|274|221|
9|8|1|5|6|6|0|9|5|7|9|8|2|7|2|4|-1|0|117|162|146|73|12|-1|2|464|-1|3|147|457|17|90|
9|5|1|5|8|8|0|1|5|8|9|8|2|6|3|2|-1|236|280|162|3|3|12|67|2|0|-1|3|260|227|6|200|
9|5|1|5|8|0|2|9|0|8|9|8|9|3|0|7|-1|93|121|162|3|318|20|-1|360|0|-1|3|-1|36|309|221|
9|8|3|5|0|1|2|9|0|8|9|0|5|3|3|4|-1|2|238|162|37|245|20|-1|360|0|-1|275|239|85|282|90|
9|5|3|5|8|9|0|1|5|8|9|8|6|6|9|7|-1|236|116|162|3|-1|12|67|2|0|-1|3|636|604|-1|342|
9|5|1|5|8|0|2|9|5|8|9|8|8|8|5|6|-1|93|117|162|3|318|20|-1|2|0|-1|3|2|2|96|484|
0|9|1|5|8|6|0|1|5|8|9|8|5|6|3|4|236|-1|121|162|3|752|108|67|2|0|-1|3|239|227|282|90|
9|5|9|5|4|9|0|9|5|3|1|8|2|6|3|4|-1|93|-1|162|111|-1|108|-1|2|48|162|3|260|227|282|212|
9|5|1|1|8|1|3|9|7|8|1|8|2|1|4|0|-1|93|121|203|3|138|172|-1|7|0|195|3|260|71|346|245|
9|5|1|4|8|8|0|9|4|8|9|8|6|5|3|0|-1|93|280|330|3|3|108|-1|288|0|-1|3|636|155|282|37|
3|5|1|5|0|8|7|9|5|8|9|3|6|0|3|0|110|93|117|162|37|3|93|-1|2|0|-1|177|636|335|282|197|
9|8|1|3|8|2|0|9|5|8|9|8|9|8|6|7|-1|3|117|291|3|208|108|-1|2|0|-1|0|-1|2|699|269|
5|9|1|5|0|1|0|9|2|9|8|8|6|4|5|6|237|-1|121|162|37|245|108|-1|69|-1|3|3|636|44|330|414|
3|5|1|5|8|4|0|8|5|0|5|8|7|9|4|4|110|93|280|162|3|79|108|2|2|15|20|3|419|-1|346|144|
9|7|1|5|8|0|0|9|5|8|9|0|2|9|6|6|-1|579|133|162|3|318|139|-1|2|0|-1|275|260|-1|627|414|
7|0|1|5|9|9|0|9|5|8|9|8|2|7|3|9|0|347|121|162|-1|-1|12|-1|132|0|-1|3|147|457|282|-1|
9|5|1|5|2|1|0|9|5|8|9|1|2|6|2|7|-1|93|121|162|6|138|108|-1|2|0|-1|134|260|227|91|756|
7|5|1|5|2|1|0|9|5|4|6|9|9|7|5|2|40|93|117|162|162|245|139|-1|2|31|356|-1|-1|457|96|257|
3|5|1|3|0|9|0|9|4|8|9|8|6|4|1|2|110|93|280|106|37|-1|12|-1|288|0|-1|1|636|200|203|200|
9|3|9|9|8|4|2|9|5|8|0|0|7|9|2|4|-1|299|-1|-1|3|79|295|-1|2|0|113|275|285|-1|17|90|
9|5|9|4|5|2|0|9|5|8|9|8|8|6|5|6|-1|236|-1|186|176|42|108|-1|2|0|-1|0|2|227|96|484|
3|5|4|0|8|8|0|9|4|8|9|8|2|9|6|7|52|93|357|70|3|3|12|-1|288|0|-1|0|260|-1|344|221|
9|5|9|5|8|8|2|9|0|8|9|8|6|7|5|0|-1|93|-1|162|3|2|30|-1|360|0|-1|3|636|578|129|319|
9|5|1|9|2|4|0|3|4|7|9|8|6|4|1|9|-1|93|121|-1|299|333|12|216|288|438|-1|3|636|200|203|-1|
1|2|5|5|8|9|0|9|5|8|3|3|2|6|2|4|147|301|38|162|3|-1|108|-1|2|0|100|135|147|227|17|90|
4|5|1|5|8|5|0|9|0|9|9|0|2|9|6|6|241|236|121|162|3|66|108|-1|205|-1|-1|275|260|-1|627|414|
9|5|1|5|8|2|0|9|5|1|0|8|6|2|1|4|-1|93|121|162|3|208|12|-1|2|311|113|3|636|75|51|212|
9|5|1|5|4|9|0|8|5|8|9|3|2|4|3|2|-1|93|121|162|309|-1|12|2|2|0|-1|131|260|192|6|200|
0|5|1|5|8|5|8|9|5|8|0|8|8|9|2|4|236|236|121|162|3|66|0|-1|2|0|260|3|2|-1|17|90|
9|5|1|5|3|8|0|9|5|8|9|5|8|4|4|4|-1|236|121|162|227|3|108|-1|2|0|-1|269|2|44|346|144|
7|0|9|5|8|8|0|9|7|9|9|8|7|2|5|0|0|347|-1|162|3|3|108|-1|7|-1|-1|3|285|75|129|319|
9|8|1|3|8|4|0|9|5|8|9|8|8|6|5|2|-1|3|117|291|3|79|12|-1|2|0|-1|0|0|227|96|257|
7|8|3|5|8|8|0|5|7|8|9|5|8|4|3|1|0|2|238|162|3|3|108|355|7|0|-1|269|2|44|282|309|
7|5|1|5|8|1|0|9|5|8|9|0|7|4|3|4|40|236|121|162|3|341|12|-1|2|0|-1|150|237|44|282|90|
9|9|1|5|8|8|0|1|5|8|9|8|7|9|2|4|-1|-1|280|162|0|3|108|67|2|0|-1|3|285|-1|17|90|
5|5|1|1|5|4|0|9|5|9|9|8|8|6|2|4|237|236|121|203|96|79|12|-1|2|-1|-1|3|2|227|17|90|
0|5|1|5|8|5|0|9|5|8|9|8|6|8|6|7|236|236|121|162|3|66|12|-1|2|0|-1|3|372|2|699|269|
9|5|1|5|8|8|2|9|0|8|9|0|8|6|5|2|-1|236|121|162|3|3|30|-1|360|0|-1|150|2|227|96|257|
7|5|1|5|8|9|0|9|5|8|9|8|1|4|4|8|40|93|117|162|3|-1|108|-1|2|0|-1|0|0|200|116|2|
0|8|1|5|8|9|9|9|5|9|9|8|7|6|5|2|34|3|117|162|3|-1|-1|-1|2|-1|-1|3|285|227|96|257|
7|5|1|5|8|3|5|9|5|0|3|8|7|9|2|4|40|93|117|162|3|167|133|-1|2|295|180|3|285|-1|17|90|
9|5|1|5|8|3|0|9|5|8|9|8|6|2|0|4|-1|236|121|162|3|355|12|-1|2|0|-1|3|636|75|214|212|
4|5|1|5|8|4|0|9|5|3|9|5|4|6|5|0|241|236|121|162|3|79|108|-1|2|276|-1|72|323|227|129|319|
9|2|4|5|8|9|0|9|5|2|9|8|7|9|2|4|-1|207|76|162|3|-1|108|-1|2|281|-1|3|285|-1|17|90|
9|9|1|5|8|0|2|9|5|8|9|8|9|0|4|8|-1|-1|117|162|3|318|295|-1|2|0|-1|2|-1|335|116|2|
9|9|1|5|8|8|1|2|0|8|9|8|2|2|5|0|-1|-1|121|162|3|2|19|4|360|0|-1|3|260|75|129|319|
5|5|1|5|8|5|8|9|5|3|9|5|7|9|2|4|237|93|121|162|3|66|0|-1|2|276|-1|72|285|-1|17|90|
9|5|1|5|8|8|0|9|0|9|9|8|8|8|5|6|-1|236|121|162|3|3|12|-1|205|-1|-1|3|2|2|96|484|
7|5|9|3|0|7|7|9|5|2|5|8|3|4|5|7|0|93|-1|291|37|752|93|-1|2|350|20|3|297|44|274|221|
5|5|1|1|5|5|0|9|0|9|9|8|9|8|7|0|237|236|121|203|96|66|108|-1|205|-1|-1|3|-1|2|280|319|
9|5|1|5|8|8|0|1|0|4|9|8|2|1|6|7|-1|236|280|162|3|3|12|67|360|195|-1|3|260|71|699|269|
9|8|1|5|8|8|0|1|0|9|9|8|9|8|6|7|-1|3|121|162|3|3|12|67|205|-1|-1|3|-1|2|699|269|
9|5|1|3|8|0|0|9|5|8|9|8|5|4|3|1|-1|93|117|291|3|318|139|-1|2|0|-1|3|239|44|282|309|
9|5|1|5|8|5|0|9|5|8|9|8|8|4|2|9|-1|236|121|162|3|115|12|-1|2|0|-1|3|2|192|198|-1|
