5|5|5|5|8|4|0|9|9|4|9|9|0|9|5|7|86|258|218|73|3|18|12|-1|-1|29|-1|-1|75|-1|172|417|
5|9|9|5|8|4|0|9|9|4|9|9|0|9|0|3|86|-1|-1|73|3|18|12|-1|-1|29|-1|-1|75|-1|236|168|
5|5|5|5|5|4|4|9|9|9|3|9|0|9|5|7|86|258|218|73|285|18|222|-1|-1|-1|166|-1|75|-1|172|417|
5|5|5|5|3|4|0|9|9|4|9|9|0|3|0|3|86|258|229|73|84|18|12|-1|-1|29|-1|-1|70|243|313|88|
5|4|5|5|8|4|0|9|9|5|8|9|5|2|5|9|259|321|218|73|3|18|12|-1|-1|51|3|-1|47|42|164|-1|
5|0|9|5|2|4|0|9|9|9|9|0|2|3|5|3|259|226|-1|73|10|18|12|-1|-1|-1|-1|64|152|243|145|271|
5|5|5|5|8|4|0|9|5|4|2|9|0|7|5|3|259|258|218|351|3|18|12|-1|63|29|119|-1|70|509|172|355|
5|5|9|5|8|4|0|5|9|4|9|9|0|3|6|5|259|258|-1|73|3|18|12|40|-1|29|-1|-1|70|243|557|224|
9|5|9|5|5|4|0|9|9|4|9|0|0|7|9|5|-1|258|-1|73|240|18|12|-1|-1|29|-1|102|75|509|-1|224|
5|5|5|1|2|4|0|5|9|4|9|9|5|6|5|8|103|258|218|24|101|18|12|144|-1|29|-1|-1|47|511|167|3|
5|9|5|5|8|1|7|9|9|4|9|9|8|1|5|9|86|-1|218|73|3|62|14|-1|-1|29|-1|-1|3|61|164|-1|
5|9|5|1|8|8|0|5|9|4|9|9|3|1|0|5|86|-1|218|24|3|0|12|144|-1|29|-1|-1|168|61|58|224|
5|5|0|5|1|8|1|9|9|4|9|9|1|4|5|9|86|296|19|73|146|0|280|-1|-1|29|-1|-1|332|78|164|-1|
5|5|5|5|1|4|0|9|9|4|9|9|0|3|4|5|86|288|218|73|146|18|12|-1|-1|29|-1|-1|75|243|323|330|
9|9|5|5|8|1|7|9|9|9|9|9|8|7|4|3|-1|-1|218|73|3|62|14|-1|-1|-1|-1|-1|3|509|264|168|
5|4|9|5|8|4|0|9|9|9|5|0|9|5|4|3|259|321|-1|73|3|18|12|-1|-1|-1|98|149|-1|166|340|88|
9|5|5|5|4|4|5|9|9|9|9|3|0|4|5|3|-1|258|218|351|360|18|190|-1|-1|-1|-1|92|37|62|145|271|
9|5|5|5|4|4|0|5|9|4|5|9|3|2|5|3|-1|258|103|73|215|18|12|40|-1|29|191|-1|125|327|312|168|
5|5|9|5|8|4|0|9|9|9|5|9|0|3|6|5|103|258|-1|73|3|18|12|-1|-1|-1|98|-1|70|243|557|224|
3|5|5|6|8|4|4|5|9|4|9|7|8|4|9|5|280|258|218|440|3|18|349|68|-1|29|-1|296|0|54|-1|224|
5|5|9|5|8|4|9|9|0|4|9|9|0|7|5|3|237|258|-1|180|3|18|-1|-1|74|29|-1|-1|75|509|145|271|
5|0|5|5|8|4|0|9|9|7|4|9|0|3|1|7|259|182|103|73|3|18|12|-1|-1|74|351|-1|75|353|292|417|
5|5|5|5|8|4|0|2|9|9|9|9|3|1|5|5|237|258|218|351|3|63|12|123|-1|-1|-1|-1|125|95|49|96|
5|7|0|1|8|4|0|9|9|1|9|9|0|6|0|5|259|31|19|24|3|18|12|-1|-1|189|-1|-1|75|681|58|224|
5|9|9|5|8|4|4|5|2|9|9|3|0|8|5|8|86|-1|-1|180|3|18|349|68|222|-1|-1|325|70|0|164|3|
9|5|9|5|8|4|0|9|9|9|9|9|3|2|5|3|-1|258|-1|73|3|18|12|-1|-1|-1|-1|-1|125|327|312|168|
5|4|5|5|8|4|9|9|9|9|8|3|0|7|5|7|259|321|218|324|3|18|-1|-1|-1|-1|2|276|75|553|164|35|
5|5|5|5|8|4|4|7|9|9|9|9|0|3|4|5|86|228|218|324|3|18|288|65|-1|-1|-1|-1|70|243|323|330|
5|4|5|9|8|4|5|9|9|9|2|9|0|7|0|5|86|355|218|-1|3|18|271|-1|-1|-1|119|-1|75|509|58|224|
5|5|5|9|8|4|0|0|9|8|8|9|0|3|0|3|86|258|218|-1|3|18|12|42|-1|2|0|-1|75|243|236|168|
9|5|2|2|8|4|0|9|9|4|9|4|0|5|4|5|-1|288|352|138|3|18|12|-1|-1|29|-1|105|75|256|169|233|
3|5|9|5|8|4|0|9|9|1|4|4|8|4|4|5|186|258|-1|73|3|18|12|-1|-1|189|351|105|3|174|323|330|
5|5|5|5|8|4|3|9|9|4|9|9|4|3|7|5|86|258|218|351|3|18|272|-1|-1|29|-1|-1|10|243|754|224|
9|5|5|5|8|4|4|9|5|1|9|9|0|7|5|9|-1|258|218|324|3|18|85|-1|338|31|-1|-1|75|509|164|-1|
9|5|5|5|1|4|0|9|9|4|9|0|9|5|4|3|-1|288|218|351|174|18|12|-1|-1|29|-1|149|-1|166|340|88|
5|5|5|5|4|4|0|9|9|9|9|9|5|4|5|9|103|258|103|73|215|18|12|-1|-1|-1|-1|-1|47|170|164|-1|
4|5|0|5|8|4|0|9|1|4|9|9|8|7|5|3|187|228|19|180|3|18|12|-1|277|29|-1|-1|3|553|172|355|
9|6|0|5|8|4|0|9|9|4|3|9|5|4|5|3|-1|616|142|73|3|18|12|-1|-1|29|205|-1|47|170|312|168|
5|5|3|1|8|4|6|1|9|9|9|9|5|7|5|9|216|296|335|311|3|18|6|338|-1|-1|-1|-1|47|518|164|-1|
9|4|9|5|8|4|4|9|9|4|9|9|1|4|6|5|-1|321|-1|73|3|18|203|-1|-1|29|-1|-1|332|78|557|224|
5|5|7|5|1|4|0|9|1|4|9|8|0|5|0|5|86|33|36|73|174|18|12|-1|188|29|-1|0|75|256|58|224|
9|5|9|5|8|4|9|3|9|9|5|9|0|5|7|9|-1|258|-1|73|3|18|-1|162|-1|-1|228|-1|75|260|5|-1|
5|5|5|9|8|4|9|7|9|4|9|9|5|7|5|8|86|258|218|-1|3|18|-1|512|-1|168|-1|-1|47|138|167|3|
5|4|5|5|8|4|0|9|9|0|9|9|0|2|4|5|103|321|218|180|3|18|12|-1|-1|89|-1|-1|75|168|169|233|
5|6|5|5|1|4|0|9|9|9|5|9|8|7|5|3|86|800|218|73|146|63|12|-1|-1|-1|98|-1|3|553|172|355|
5|5|5|5|0|4|0|9|9|6|9|9|0|7|9|5|86|258|218|73|274|18|12|-1|-1|276|-1|-1|75|509|-1|224|
5|5|5|5|8|4|0|1|3|9|9|9|0|7|5|3|103|258|218|351|3|18|12|356|14|-1|-1|-1|75|553|164|259|
5|5|5|0|8|4|9|9|9|4|9|6|2|3|5|3|237|33|218|227|3|18|-1|-1|-1|29|-1|514|152|243|312|168|
5|5|2|5|8|4|0|9|9|5|8|9|5|6|7|5|220|258|234|351|3|18|12|-1|-1|51|3|-1|48|678|74|330|
5|5|5|5|9|4|0|9|9|9|9|9|8|7|5|8|86|288|218|324|-1|63|12|-1|-1|-1|-1|-1|1|138|167|3|
9|5|5|5|8|4|0|9|9|5|8|9|4|5|5|3|-1|258|218|351|3|18|12|-1|-1|51|1|-1|262|256|145|271|
5|5|5|0|3|4|9|9|9|9|0|9|0|7|5|8|237|258|218|227|270|18|-1|-1|-1|-1|64|-1|70|509|164|3|
5|5|5|5|1|6|0|9|9|9|8|9|0|7|5|3|259|288|218|73|146|183|12|-1|-1|-1|3|-1|75|509|145|271|
3|5|2|5|8|4|4|9|9|9|9|9|0|7|5|8|186|258|234|351|3|18|325|-1|-1|-1|-1|-1|75|553|164|3|
8|5|5|5|8|8|0|9|9|4|9|4|8|7|6|9|3|33|218|180|3|0|12|-1|-1|29|-1|15|0|509|762|-1|
9|4|9|5|3|4|0|7|9|9|2|9|5|3|4|3|-1|321|-1|324|270|18|12|694|-1|-1|89|-1|47|243|340|88|
5|5|9|6|8|1|0|3|9|4|9|9|0|9|5|9|86|258|-1|471|3|123|12|162|-1|168|-1|-1|330|-1|164|-1|
5|5|5|5|8|4|0|9|9|9|9|9|0|3|0|3|216|296|218|324|3|18|12|-1|-1|-1|-1|-1|70|243|313|88|
5|5|5|1|5|4|5|9|5|4|9|9|3|3|0|3|237|258|218|24|303|18|283|-1|338|29|-1|-1|125|243|313|88|
0|5|5|5|1|4|0|6|9|4|9|9|3|2|5|9|256|258|218|351|174|18|12|131|-1|29|-1|-1|125|327|164|-1|
5|5|0|5|1|4|0|5|9|0|9|1|0|3|5|3|237|296|19|351|174|18|12|40|-1|99|-1|206|75|178|312|168|
5|5|5|5|1|4|0|9|9|9|5|9|0|7|5|3|237|288|218|73|146|18|12|-1|-1|-1|313|-1|75|509|145|271|
9|6|2|6|1|8|0|5|9|0|9|1|4|3|5|3|-1|562|289|471|146|0|12|144|-1|99|-1|206|10|243|312|168|
5|6|1|5|1|5|0|5|9|0|9|9|8|1|2|5|237|439|255|73|146|11|12|40|-1|117|-1|-1|2|95|231|96|
9|5|4|5|8|4|0|9|1|0|9|1|4|3|0|5|-1|258|168|351|3|18|12|-1|277|99|-1|206|10|243|58|224|
0|5|5|5|1|4|0|9|0|2|9|9|5|1|4|4|71|258|218|73|146|63|12|-1|255|227|-1|-1|47|95|240|251|
5|9|1|5|3|4|0|8|0|9|9|4|0|5|4|5|259|-1|111|73|84|18|12|2|134|-1|-1|152|75|256|323|330|
5|5|5|9|8|4|5|9|4|4|1|4|5|6|7|3|259|258|218|-1|3|18|343|-1|212|29|357|105|47|511|74|269|
5|7|5|5|8|4|8|5|5|4|9|9|0|6|5|8|86|271|218|73|3|18|3|40|106|29|-1|-1|75|511|167|3|
9|4|3|5|8|4|4|0|4|4|1|4|6|2|5|3|-1|321|15|180|3|18|288|161|212|29|357|105|622|327|312|168|
5|5|2|9|8|4|5|9|0|4|9|9|8|1|5|5|86|258|352|-1|3|18|343|-1|255|29|-1|-1|2|95|49|96|
5|5|1|5|8|4|0|2|9|9|9|4|8|3|4|5|86|33|255|180|3|18|12|123|-1|-1|-1|15|0|243|323|330|
5|9|9|0|8|4|0|9|9|4|9|3|3|3|0|3|259|-1|-1|61|3|63|12|-1|-1|29|-1|328|342|243|236|168|
5|9|5|5|8|4|0|9|9|4|9|9|5|6|5|8|259|-1|218|73|3|18|12|-1|-1|29|-1|-1|47|511|167|3|
5|5|5|2|8|4|0|9|9|8|9|9|0|0|9|5|259|258|218|138|3|18|12|-1|-1|1|-1|-1|75|214|-1|224|
5|5|9|5|2|4|0|8|5|8|9|9|8|3|4|5|259|258|-1|180|101|18|12|1|338|1|-1|-1|3|243|323|330|
9|9|5|5|8|4|0|9|1|0|9|9|4|5|7|5|-1|-1|218|351|3|18|12|-1|277|99|-1|-1|10|293|754|224|
5|5|2|5|1|4|0|9|9|4|9|9|9|7|9|5|103|258|352|73|146|18|12|-1|-1|29|-1|-1|-1|509|-1|224|
5|6|5|5|8|4|7|9|9|8|9|9|0|3|0|5|259|352|218|351|3|18|541|-1|-1|1|-1|-1|75|243|58|224|
5|5|5|9|6|8|0|9|9|4|9|9|8|8|5|3|259|258|218|-1|751|2|12|-1|-1|29|-1|-1|2|3|312|168|
5|5|5|5|1|8|0|9|9|4|8|9|0|7|3|5|259|288|218|351|146|0|12|-1|-1|29|1|-1|75|509|348|224|
5|5|2|2|8|4|0|9|9|9|5|9|0|8|5|3|86|258|352|138|3|18|12|-1|-1|-1|228|-1|75|3|312|168|
5|5|5|5|1|8|0|9|9|4|9|9|6|2|5|3|259|288|218|351|146|0|12|-1|-1|29|-1|-1|622|327|312|168|
5|9|5|5|1|4|5|9|9|4|9|2|5|3|5|3|86|-1|218|180|174|18|343|-1|-1|29|-1|328|47|243|312|168|
9|5|0|0|3|7|0|9|9|4|9|9|0|3|5|7|-1|258|19|164|84|797|12|-1|-1|29|-1|-1|75|243|172|417|
5|5|5|5|1|4|0|9|9|8|9|9|0|6|5|3|103|258|218|351|174|18|12|-1|-1|1|-1|-1|75|511|312|168|
5|5|9|5|3|4|0|9|9|1|9|4|0|7|5|3|220|258|-1|324|270|18|12|-1|-1|306|-1|105|75|509|312|168|
5|5|0|5|8|4|0|9|9|4|9|9|0|9|5|7|86|296|19|324|3|18|12|-1|-1|29|-1|-1|75|-1|172|417|
5|5|5|5|1|4|3|9|9|4|9|9|5|3|9|5|86|258|218|73|146|18|272|-1|-1|29|-1|-1|286|243|-1|72|
5|9|9|5|8|4|0|9|9|4|9|9|0|9|0|3|86|-1|-1|73|3|18|12|-1|-1|29|-1|-1|75|-1|236|168|
5|5|5|5|5|4|4|9|9|9|3|9|0|9|5|7|86|258|218|73|285|18|222|-1|-1|-1|166|-1|75|-1|172|417|
5|5|5|5|8|4|0|9|9|5|8|9|0|3|0|3|86|258|218|73|3|18|12|-1|-1|51|3|-1|70|243|313|88|
5|4|5|5|3|4|0|9|9|4|9|9|5|2|5|9|259|321|229|73|84|18|12|-1|-1|29|-1|-1|47|42|164|-1|
5|0|9|5|8|4|0|9|9|9|9|0|2|3|5|3|259|226|-1|73|3|18|12|-1|-1|-1|-1|64|152|243|145|271|
5|5|5|5|2|4|0|9|5|4|2|9|0|7|5|3|259|258|218|351|10|18|12|-1|63|29|119|-1|70|509|172|355|
5|5|9|5|5|4|0|5|9|4|9|9|0|3|6|5|259|258|-1|73|240|18|12|40|-1|29|-1|-1|70|243|557|224|
9|5|9|5|8|4|0|9|9|4|9|0|0|7|9|5|-1|258|-1|73|3|18|12|-1|-1|29|-1|102|75|509|-1|224|
5|5|5|1|2|4|0|5|9|4|9|9|5|6|5|8|103|258|218|24|101|18|12|144|-1|29|-1|-1|47|511|167|3|
5|9|5|5|8|1|7|9|9|4|9|9|8|1|5|9|86|-1|218|73|3|62|14|-1|-1|29|-1|-1|3|61|164|-1|
5|9|5|5|1|8|1|5|9|4|9|9|3|1|1|5|86|-1|218|73|146|0|280|144|-1|29|-1|-1|168|61|347|224|
