9|5|1|4|8|9|0|9|5|8|9|8|0|8|1|1|-1|236|117|18|3|-1|108|-1|2|0|-1|3|119|2|253|10|
9|5|5|5|8|7|1|0|5|8|9|8|0|8|1|1|-1|236|7|162|0|407|42|72|63|2|-1|3|119|2|253|10|
9|5|1|4|8|9|0|9|5|8|9|8|8|0|8|0|-1|236|117|18|3|-1|108|-1|2|0|-1|2|2|249|0|319|
4|5|1|5|8|9|2|9|0|9|9|6|6|8|4|1|335|93|117|206|3|-1|13|-1|360|-1|-1|56|351|2|237|51|
0|5|1|5|8|9|5|9|4|5|4|5|8|3|7|6|54|93|117|162|3|-1|258|-1|284|35|356|350|2|10|657|730|
5|9|3|5|8|8|5|9|7|9|9|7|8|5|8|9|339|-1|262|162|3|3|258|-1|419|-1|-1|582|2|1|2|-1|
3|1|5|9|8|8|0|9|5|9|9|5|8|8|5|9|0|308|7|-1|3|3|108|-1|2|-1|-1|72|1|2|311|-1|
8|5|8|2|8|9|0|6|5|8|9|2|5|2|7|0|0|236|2|56|3|-1|108|19|2|0|-1|355|239|252|657|338|
4|5|1|5|8|8|0|9|5|9|9|8|8|6|3|8|335|236|117|162|3|3|108|-1|2|-1|-1|3|1|648|78|0|
9|9|1|5|8|8|9|9|1|8|8|8|9|4|1|8|-1|-1|117|162|3|3|-1|-1|156|0|3|3|-1|316|308|0|
4|5|1|5|5|8|0|9|5|9|9|5|5|8|1|9|335|96|117|98|244|3|111|-1|2|-1|-1|72|57|2|253|-1|
3|9|8|5|8|9|5|9|5|9|9|4|8|8|1|9|0|-1|1|256|3|-1|258|-1|2|-1|-1|261|2|2|253|-1|
9|5|1|5|5|8|0|9|0|9|9|8|8|6|9|4|-1|96|117|98|139|3|108|-1|341|-1|-1|3|1|562|-1|303|
3|5|5|5|8|7|9|9|5|9|9|5|8|8|7|9|0|236|7|162|3|407|-1|-1|2|-1|-1|72|1|2|680|-1|
4|5|1|4|8|5|0|9|5|9|9|1|8|2|7|9|335|236|117|18|3|66|12|-1|2|-1|-1|278|1|20|680|-1|
4|5|3|5|8|5|5|9|5|9|9|8|8|8|1|0|95|236|262|162|3|16|143|-1|2|-1|-1|3|1|2|253|318|
4|5|9|5|8|5|6|9|5|8|8|5|8|8|3|8|335|93|-1|162|3|66|346|-1|2|0|1|72|1|2|78|0|
3|5|1|5|8|1|4|9|0|9|9|5|7|8|1|9|0|93|117|162|3|61|132|-1|360|-1|-1|350|61|2|253|-1|
1|5|5|5|8|8|9|2|5|4|9|9|8|1|8|0|341|96|7|162|3|3|-1|330|347|203|-1|-1|2|240|0|319|
0|5|1|5|8|8|9|9|0|9|8|8|5|5|8|0|54|93|117|162|3|1|-1|-1|360|-1|1|3|239|195|0|319|
9|7|1|9|0|8|0|0|5|9|9|8|0|3|3|0|-1|225|117|-1|42|3|108|310|2|-1|-1|3|313|10|78|319|
0|9|1|9|8|9|0|9|5|8|8|3|3|5|8|0|69|-1|117|-1|3|-1|108|-1|223|0|1|246|62|181|0|319|
9|9|3|5|8|1|4|0|5|9|0|1|8|6|1|9|-1|-1|338|98|3|61|132|354|2|-1|187|278|1|648|253|-1|
1|1|5|5|1|8|0|9|5|8|9|5|8|8|8|0|341|257|7|98|275|3|108|-1|2|0|-1|72|1|2|3|319|
3|1|1|6|8|2|0|9|5|9|9|5|8|8|4|9|0|308|117|630|3|351|111|-1|2|-1|-1|72|1|2|117|-1|
7|5|1|9|5|9|0|4|5|9|9|5|8|8|8|0|212|93|117|-1|139|-1|108|161|223|-1|-1|350|2|2|0|319|
0|1|9|5|8|8|5|9|5|8|9|1|5|8|6|9|54|338|-1|162|3|1|16|-1|303|0|-1|197|239|0|64|-1|
4|8|4|5|0|2|0|9|5|9|7|8|5|9|4|9|335|3|150|162|42|351|140|-1|2|-1|795|3|239|-1|117|-1|
0|5|5|5|8|8|0|9|5|9|9|5|8|2|7|9|54|236|7|98|3|3|12|-1|2|-1|-1|72|1|20|680|-1|
4|2|5|5|8|8|0|9|5|9|9|5|8|3|7|6|128|286|7|162|3|3|108|-1|2|-1|-1|72|1|10|657|730|
0|9|5|5|8|0|0|9|0|9|9|5|8|8|4|9|54|-1|7|162|3|227|108|-1|187|-1|-1|72|1|2|117|-1|
9|5|1|5|8|2|0|9|5|9|0|7|8|8|7|6|-1|96|10|256|3|351|111|-1|2|-1|187|582|1|2|657|730|
0|1|5|4|4|5|0|9|7|9|9|6|5|8|1|1|275|338|7|175|159|221|12|-1|419|-1|-1|190|239|2|253|10|
9|5|8|5|8|8|1|9|5|8|0|7|8|5|1|4|-1|96|2|162|3|3|121|-1|2|0|187|582|2|1|123|197|
4|9|1|5|8|0|9|9|0|9|9|5|8|8|8|9|335|-1|117|162|3|227|-1|-1|257|-1|-1|350|1|2|2|-1|
1|1|1|9|8|8|0|0|0|9|9|8|1|6|8|5|341|308|252|-1|3|3|108|354|18|-1|-1|3|16|562|0|324|
4|5|1|0|8|9|0|9|5|7|9|4|5|9|1|1|335|93|117|39|3|-1|108|-1|223|683|-1|226|239|-1|253|10|
9|5|1|8|8|9|0|9|7|9|3|7|8|2|1|0|-1|236|117|0|3|-1|12|-1|419|-1|302|582|2|20|253|318|
4|5|1|5|8|8|0|9|1|9|9|5|8|5|8|9|335|236|117|98|3|3|12|-1|239|-1|-1|72|1|1|2|-1|
3|5|5|7|8|5|0|9|5|9|9|6|5|0|8|0|0|96|7|650|3|66|12|-1|2|-1|-1|190|239|57|3|319|
1|1|5|5|8|7|6|9|5|9|0|8|8|8|5|9|341|308|7|162|3|389|646|-1|76|-1|187|3|1|2|306|-1|
3|0|1|5|8|8|0|0|0|9|9|8|2|9|0|9|0|157|10|162|3|3|108|57|187|-1|-1|3|260|-1|241|-1|
9|5|1|5|7|5|1|9|7|9|8|5|8|3|9|9|-1|96|117|162|73|66|59|-1|419|-1|3|72|1|10|-1|-1|
9|9|1|5|1|8|1|9|5|9|9|9|8|1|8|0|-1|-1|117|162|194|3|42|-1|2|-1|-1|-1|2|240|0|319|
9|9|7|5|7|8|0|9|5|9|0|5|5|3|7|6|-1|-1|232|162|328|3|108|-1|2|-1|212|350|228|10|657|730|
5|1|5|9|5|8|0|9|7|9|0|7|8|5|8|9|339|308|7|-1|244|3|12|-1|419|-1|187|582|2|1|2|-1|
3|9|1|5|8|8|0|9|5|9|4|5|8|6|0|4|0|-1|117|98|3|3|12|-1|2|-1|348|350|2|562|0|303|
3|8|4|5|0|8|2|9|0|8|5|8|8|8|7|6|345|3|150|162|42|3|31|-1|187|0|352|3|2|2|657|730|
4|9|3|4|8|5|1|9|5|9|9|8|8|8|3|9|335|-1|338|175|3|66|42|-1|2|-1|-1|3|2|2|160|-1|
1|5|1|5|8|2|9|9|4|9|6|8|3|3|3|0|341|236|117|162|3|351|-1|-1|198|-1|703|3|132|10|78|319|
1|9|5|5|5|2|9|9|7|9|4|8|3|8|1|1|341|-1|7|98|244|351|-1|-1|419|-1|59|3|132|2|253|10|
1|5|5|5|5|8|0|9|5|5|9|3|3|4|1|9|341|236|7|162|244|3|108|-1|2|35|-1|101|132|320|253|-1|
3|9|1|5|8|8|9|4|5|1|9|8|6|9|1|1|0|-1|117|162|3|3|-1|161|223|62|-1|2|149|-1|253|10|
9|5|3|5|8|8|0|0|5|9|9|7|8|8|1|9|-1|236|262|98|3|3|12|65|2|-1|-1|406|1|2|253|-1|
0|5|1|5|2|5|0|0|0|8|4|5|8|8|1|7|208|93|117|162|36|74|12|65|18|0|59|350|1|2|253|351|
3|1|3|5|8|5|0|6|5|0|9|8|0|8|1|9|0|308|338|162|3|16|108|19|2|260|-1|3|286|2|253|-1|
9|1|5|5|8|8|9|9|5|5|4|8|8|2|7|5|-1|338|7|162|3|3|-1|-1|51|35|356|0|2|20|680|130|
4|5|8|2|8|5|2|0|8|9|9|5|8|8|2|0|335|236|2|56|3|66|55|59|0|-1|-1|350|2|2|139|142|
7|9|1|4|0|2|4|9|0|1|9|5|8|8|8|6|40|-1|117|175|270|184|270|-1|18|176|-1|72|2|2|0|127|
3|5|1|5|2|0|0|9|8|9|9|5|8|2|7|6|0|93|117|98|36|227|111|-1|2|-1|-1|72|1|20|657|730|
7|9|3|5|4|9|0|9|5|9|9|5|8|3|7|9|303|-1|338|162|13|-1|108|-1|223|-1|-1|350|2|10|680|-1|
9|1|5|5|8|2|0|9|0|9|9|8|0|6|6|4|-1|338|7|162|3|351|111|-1|18|-1|-1|3|119|562|651|303|
3|9|3|5|0|2|0|9|5|8|3|2|8|3|8|9|0|-1|338|162|42|351|111|-1|2|0|247|323|1|10|1|-1|
9|5|1|5|3|0|0|0|7|9|9|8|6|8|1|1|-1|93|117|98|206|212|111|354|419|-1|-1|3|411|2|253|10|
4|9|1|5|8|2|9|9|5|8|9|8|8|9|4|9|335|-1|117|98|3|351|-1|-1|2|0|-1|2|1|-1|117|-1|
3|0|1|5|0|9|0|2|5|9|9|8|8|8|8|6|0|157|10|162|42|-1|108|102|2|-1|-1|3|1|2|0|127|
4|5|5|5|2|9|0|0|6|9|9|5|5|5|8|0|335|236|140|162|36|-1|111|354|649|-1|-1|350|239|195|0|319|
0|5|1|4|8|1|6|9|5|8|9|5|7|0|1|4|208|236|117|18|3|62|346|-1|2|0|-1|72|404|57|123|197|
0|5|1|5|5|8|0|9|7|9|0|1|8|9|1|0|54|93|117|162|244|3|12|-1|419|-1|187|278|1|-1|123|142|
4|9|1|5|8|8|0|9|5|9|9|3|7|0|1|4|335|-1|117|162|3|3|108|-1|2|-1|-1|207|404|57|123|197|
0|5|4|5|8|8|4|2|0|9|5|8|3|3|3|0|54|93|150|162|3|0|132|21|360|-1|201|3|132|10|78|319|
0|9|8|5|3|8|0|9|5|0|9|8|5|8|8|0|54|-1|2|48|237|3|12|-1|2|352|-1|3|174|2|1|318|
4|9|3|5|8|9|0|9|5|9|9|5|0|6|4|4|58|-1|262|162|3|-1|108|-1|2|-1|-1|72|119|562|48|303|
9|5|1|9|9|8|1|9|1|9|9|5|7|0|1|4|-1|236|117|-1|-1|3|121|-1|156|-1|-1|72|404|57|123|197|
3|1|5|9|8|8|0|9|5|7|9|8|3|4|1|9|0|308|7|-1|3|3|108|-1|2|764|-1|3|132|316|253|-1|
4|9|1|2|8|9|0|9|0|9|7|8|5|9|4|1|335|-1|117|234|3|-1|111|-1|18|-1|714|3|343|-1|237|51|
9|5|1|5|8|6|9|9|0|9|9|5|8|8|5|0|-1|236|117|162|3|541|-1|-1|18|-1|-1|350|2|2|162|142|
0|5|1|5|2|5|6|9|0|5|9|5|8|8|1|1|54|93|117|162|36|207|391|-1|18|77|-1|72|2|2|253|10|
5|5|1|5|8|5|9|9|0|1|9|5|9|8|1|9|339|93|117|162|3|66|-1|-1|18|176|-1|72|-1|2|253|-1|
4|1|1|9|0|2|5|9|5|5|9|8|6|0|7|0|335|308|252|-1|42|351|258|-1|2|92|-1|3|149|57|657|338|
3|9|8|5|8|8|2|0|0|9|9|5|8|8|8|6|0|-1|1|162|3|3|24|57|187|-1|-1|350|1|2|0|127|
3|9|1|5|8|8|9|9|0|9|9|4|5|2|3|8|345|-1|117|162|3|3|-1|-1|18|-1|-1|115|239|252|78|0|
8|1|1|5|8|9|0|6|5|8|9|6|6|0|7|9|3|308|117|162|3|-1|108|19|2|0|-1|570|149|57|680|-1|
9|9|1|7|8|8|0|9|7|9|9|5|8|8|1|0|-1|-1|117|556|3|3|12|-1|419|-1|-1|72|1|2|123|142|
5|5|1|5|9|5|0|9|5|1|0|1|8|8|0|0|339|236|117|162|-1|66|12|-1|2|176|187|145|1|2|158|142|
9|5|3|5|3|8|9|9|9|4|2|5|8|8|1|9|-1|8|351|162|54|3|-1|-1|-1|132|224|350|2|2|253|-1|
1|9|1|5|8|8|2|0|5|8|9|8|8|8|8|0|253|-1|117|162|3|3|131|354|63|0|-1|3|1|2|3|319|
5|5|1|9|0|2|0|9|5|9|2|8|8|8|3|8|237|236|117|-1|42|351|111|-1|2|-1|116|3|2|2|78|0|
9|9|9|5|8|1|4|9|0|9|9|5|9|5|1|9|-1|-1|-1|162|3|61|132|-1|360|-1|-1|350|-1|1|253|-1|
3|9|8|5|8|7|0|0|5|9|9|1|3|8|1|9|345|-1|2|162|3|731|12|65|2|-1|-1|55|315|2|253|-1|
4|5|1|5|8|7|0|9|5|9|9|8|6|4|1|1|335|236|117|162|3|504|108|-1|223|-1|-1|3|149|20|253|10|
3|1|5|5|7|5|1|2|7|6|9|5|8|8|8|6|0|338|7|162|73|66|59|358|419|137|-1|350|1|2|0|127|
7|1|1|0|5|9|9|9|0|9|9|5|8|2|7|9|46|308|117|81|244|-1|-1|-1|360|-1|-1|72|1|20|680|-1|
9|5|5|5|8|7|1|0|5|8|9|8|0|8|1|1|-1|236|7|162|0|407|42|72|63|2|-1|3|119|2|253|10|
9|5|1|4|8|9|0|9|5|8|9|8|8|0|8|0|-1|236|117|18|3|-1|108|-1|2|0|-1|2|2|249|0|319|
4|5|1|5|8|9|2|9|0|9|5|6|8|3|4|1|335|93|117|206|3|-1|13|-1|360|-1|28|166|2|10|237|51|
0|5|1|5|8|9|5|9|5|5|4|6|6|8|7|6|54|93|117|162|3|-1|258|-1|2|35|356|56|351|2|657|730|
5|9|3|5|8|8|5|9|7|9|9|7|8|5|8|9|339|-1|262|162|3|3|258|-1|419|-1|-1|582|2|1|2|-1|
3|1|5|9|8|8|0|9|5|9|9|5|8|8|5|1|0|308|7|-1|3|3|108|-1|2|-1|-1|72|1|2|311|96|
8|5|8|2|8|9|0|6|5|9|9|8|8|6|7|0|0|236|2|56|3|-1|108|19|2|-1|-1|3|1|648|657|338|
