1|0|4|5|6|9|4|1|8|3|8|1|0|0|1|0|152|237|210|1|461|-1|125|151|1|175|3|324|161|48|288|58|
6|0|9|6|8|7|7|9|8|3|8|1|0|0|1|0|164|237|-1|232|3|309|268|-1|1|175|3|324|161|48|288|58|
1|0|4|5|6|9|4|1|3|6|4|2|3|7|7|7|152|237|210|1|461|-1|125|151|217|595|333|230|264|664|613|443|
1|8|6|6|9|7|8|5|8|0|3|8|1|0|1|0|321|3|100|389|-1|322|3|295|3|111|252|3|210|48|288|58|
5|3|3|6|9|8|0|9|4|1|0|8|7|7|7|8|169|6|229|232|-1|3|203|-1|179|68|278|0|28|113|725|3|
5|4|4|6|2|4|2|1|8|3|2|8|3|2|1|9|169|65|210|232|79|67|184|82|3|175|334|3|264|28|220|-1|
7|2|4|8|8|1|2|1|1|4|7|4|5|3|9|3|257|89|210|2|3|30|292|343|39|275|426|233|341|147|-1|254|
1|7|5|5|2|4|7|1|8|1|3|5|8|7|6|6|1|583|90|150|8|175|72|343|3|68|252|316|3|539|726|302|
5|6|4|6|8|8|6|6|0|0|4|9|5|2|1|9|288|7|210|232|3|0|299|68|229|111|18|-1|309|28|220|-1|
5|8|2|8|8|7|4|2|9|6|4|0|8|6|7|2|288|0|358|2|3|322|237|143|-1|661|176|215|3|677|61|161|
6|6|4|6|8|7|8|5|2|2|3|9|5|6|3|0|164|7|210|232|3|322|3|295|249|241|252|-1|341|496|49|58|
6|9|1|2|5|5|8|1|4|8|3|9|6|5|6|5|164|-1|222|173|70|303|3|82|239|0|260|-1|70|96|134|221|
4|0|9|6|8|7|7|1|4|1|2|6|5|7|7|7|2|237|-1|232|3|309|72|343|239|225|47|26|341|664|613|18|
7|2|4|8|8|6|7|0|7|0|7|4|5|8|5|5|257|89|210|2|3|260|72|165|368|111|426|233|341|3|216|311|
1|6|4|6|8|8|8|1|1|3|2|8|3|2|1|9|355|599|210|232|3|3|0|343|39|175|334|3|264|28|220|-1|
1|0|2|3|4|7|6|9|4|1|4|9|5|6|6|7|355|237|358|175|180|755|306|-1|313|16|333|-1|193|677|3|636|
1|8|2|0|8|8|6|6|4|1|8|6|8|1|9|3|163|0|358|195|3|1|793|320|313|16|0|26|1|73|-1|254|
6|6|4|6|8|4|2|9|4|2|3|8|8|5|6|6|164|329|204|726|3|67|310|-1|313|241|252|3|1|96|726|302|
1|8|5|1|2|5|0|9|3|0|0|5|6|1|1|4|152|2|333|94|79|59|234|-1|44|111|278|9|70|215|195|15|
5|2|1|6|8|8|7|7|4|1|4|6|2|7|7|2|288|87|353|389|3|1|340|656|278|16|333|26|306|663|61|161|
5|6|4|6|8|7|7|4|3|0|6|6|8|7|7|8|288|7|210|232|3|322|72|269|260|111|20|704|3|113|725|3|
9|0|4|8|8|7|6|4|2|1|4|3|4|6|5|6|-1|237|210|2|3|385|520|269|249|16|333|248|264|677|200|302|
8|3|4|2|9|2|7|4|5|3|0|1|8|6|5|7|3|159|44|61|-1|121|268|229|39|175|278|324|3|496|216|225|
1|1|4|9|4|7|2|1|1|0|2|8|6|6|4|4|152|300|360|-1|195|322|292|343|39|212|334|3|363|496|292|341|
0|8|1|3|9|7|2|6|5|4|0|6|7|1|1|3|300|0|209|96|-1|322|310|320|167|168|206|704|311|17|250|78|
9|8|2|9|7|6|6|2|3|0|4|9|9|7|2|3|-1|0|358|-1|512|524|520|143|194|140|333|-1|-1|160|276|9|
8|0|4|0|3|0|7|9|3|6|4|2|3|8|1|4|1|237|262|195|213|182|268|-1|217|595|333|230|264|1|195|15|
1|3|2|0|8|8|6|6|5|4|3|8|0|0|6|7|322|6|358|195|3|1|793|320|167|168|252|3|161|48|3|636|
5|6|4|6|8|7|6|0|4|2|6|5|5|5|4|4|288|7|210|232|3|322|299|0|239|241|784|282|198|96|292|341|
6|1|7|6|5|5|8|7|7|5|2|8|0|0|6|7|164|300|743|232|70|303|1|656|21|89|146|3|161|48|3|636|
8|1|2|6|3|6|6|7|5|1|3|5|8|6|1|0|3|25|291|232|229|524|520|87|39|68|252|316|3|677|288|58|
1|0|4|6|8|7|7|4|6|9|0|5|5|1|9|3|152|237|210|232|3|322|72|269|201|-1|296|293|309|73|-1|254|
5|1|7|6|7|7|6|1|3|0|8|1|0|0|1|0|288|300|743|232|512|322|520|343|260|111|3|324|161|48|288|58|
5|5|2|9|4|7|8|1|9|1|6|1|3|4|2|3|31|301|3|-1|180|322|3|332|-1|16|20|324|264|145|276|9|
1|6|7|3|4|0|2|2|4|1|4|1|8|4|5|2|355|279|238|352|264|25|130|143|313|16|257|324|3|286|241|304|
5|6|9|6|8|7|8|1|4|9|2|0|5|7|4|4|288|7|-1|232|3|322|1|82|285|-1|287|347|341|312|292|341|
5|8|4|5|6|6|8|1|5|8|8|9|9|7|1|0|88|0|62|150|655|524|3|82|39|1|3|-1|-1|113|288|58|
8|6|5|4|8|7|6|0|4|0|4|8|0|7|7|0|2|329|333|181|3|322|299|0|239|111|358|3|161|113|725|228|
6|8|7|6|0|7|7|1|6|4|3|0|8|6|6|7|89|0|743|232|146|322|340|82|269|336|260|300|3|496|3|636|
1|0|9|7|8|9|5|2|9|6|4|2|5|7|7|7|152|237|-1|377|2|-1|239|143|-1|595|333|230|341|664|613|443|
1|5|7|1|2|7|8|6|1|1|0|5|4|4|0|3|134|144|24|94|79|484|3|337|39|40|296|293|264|145|101|9|
8|0|4|0|3|0|5|2|1|4|4|6|5|7|7|8|1|237|262|195|213|182|283|143|62|168|6|26|341|113|725|3|
2|1|4|0|3|5|7|1|4|1|7|6|5|4|2|3|82|300|253|168|334|79|72|343|239|225|726|26|341|145|276|9|
1|0|4|6|8|7|7|1|8|0|0|9|9|6|6|6|152|237|210|232|3|322|340|82|3|111|278|-1|-1|496|726|302|
1|1|7|2|8|1|8|9|4|1|4|9|6|5|2|4|355|300|743|224|3|30|3|-1|313|16|333|-1|70|96|334|341|
5|0|3|9|6|9|4|9|4|8|6|1|8|2|5|7|288|183|75|-1|22|-1|237|-1|313|1|784|324|3|236|300|461|
1|0|4|0|3|8|8|1|8|1|3|5|6|5|6|5|322|237|262|195|213|1|3|316|3|68|252|316|70|96|12|42|
1|1|1|8|7|0|2|1|7|1|3|5|8|4|2|3|152|273|209|1|512|194|115|31|368|68|252|316|3|145|276|9|
3|0|4|8|8|7|6|1|8|6|1|7|9|5|6|3|42|237|210|2|3|385|299|332|0|661|119|377|-1|151|726|138|
0|8|1|9|6|9|4|1|8|3|6|6|8|7|7|8|300|0|209|-1|461|-1|125|151|1|175|20|704|3|113|725|3|
5|6|4|5|4|7|2|1|1|3|2|0|9|4|1|0|288|7|210|1|195|322|292|343|39|175|334|63|-1|32|288|58|
3|9|9|7|8|8|6|0|4|0|2|0|8|6|6|7|260|-1|-1|166|3|3|299|0|239|111|3|300|3|496|3|636|
1|2|4|7|8|5|0|1|4|5|6|0|8|9|6|6|355|127|210|166|3|59|234|343|313|77|784|40|3|-1|726|302|
0|0|4|2|8|3|6|9|4|2|3|8|7|7|7|8|286|237|210|108|3|159|793|-1|313|241|252|3|28|113|725|3|
1|6|5|3|9|4|0|0|4|0|2|0|8|6|6|7|355|329|333|175|-1|84|234|0|239|111|3|300|3|496|3|636|
1|0|9|6|8|7|7|9|3|6|6|0|4|6|9|4|355|237|-1|232|3|309|268|-1|217|694|784|40|319|396|-1|15|
6|2|4|0|3|5|2|0|4|0|4|6|5|8|6|0|164|332|253|168|334|79|85|0|239|111|358|26|341|3|3|252|
0|8|1|9|4|7|2|1|1|3|2|8|4|6|1|4|300|0|209|-1|195|322|292|343|39|175|334|3|33|677|195|15|
1|2|9|7|8|8|6|7|2|0|4|2|4|1|7|8|355|127|-1|166|3|3|299|469|249|316|333|230|264|215|725|3|
4|6|9|6|8|6|7|6|3|0|4|6|7|9|7|0|214|279|-1|232|3|260|72|68|44|9|333|26|376|-1|574|58|
0|0|2|8|8|8|0|9|7|1|0|5|8|5|4|4|331|237|358|3|2|0|84|-1|591|16|116|289|1|96|292|341|
1|7|2|3|4|7|6|9|4|8|3|9|6|5|7|8|322|656|358|175|180|755|306|-1|239|0|260|-1|70|96|725|3|
8|1|2|6|3|6|7|0|7|3|0|1|8|6|5|6|3|259|291|232|229|524|268|0|500|175|278|324|3|677|200|302|
8|6|1|6|9|7|8|1|4|5|8|8|3|3|1|4|3|278|353|389|-1|322|3|82|285|191|3|3|47|237|195|15|
1|0|4|8|8|4|8|4|9|6|2|6|1|9|7|8|355|237|262|2|3|122|0|247|-1|705|287|704|105|-1|725|3|
1|0|2|3|4|7|8|1|5|9|8|9|6|8|2|5|355|237|358|175|180|755|1|82|39|-1|3|-1|363|3|246|291|
0|8|1|9|4|7|6|9|5|3|4|9|4|7|7|2|300|0|209|-1|195|322|306|-1|39|48|28|-1|204|663|61|161|
2|6|1|3|3|6|7|2|3|0|0|5|5|7|7|1|226|7|243|96|93|645|72|122|217|199|296|293|341|664|613|215|
5|6|4|6|8|7|5|1|2|8|4|3|7|0|7|8|288|7|210|232|3|322|283|343|82|1|177|299|3|265|725|3|
6|9|4|0|6|7|5|9|7|0|6|5|1|7|7|7|602|-1|210|295|549|322|188|-1|552|111|20|9|210|664|613|443|
1|2|2|0|8|6|3|7|3|0|4|0|8|0|6|6|355|88|291|130|3|260|268|672|194|9|333|300|3|48|726|302|
0|5|1|5|6|6|6|4|2|1|0|0|1|8|6|6|331|179|353|150|655|524|520|269|249|40|289|98|105|1|726|302|
8|0|9|7|8|6|2|9|7|0|0|1|2|1|7|7|3|237|-1|377|3|260|130|-1|169|111|278|324|178|73|613|443|
6|6|1|8|4|2|6|1|3|8|6|5|8|9|7|0|164|7|353|1|227|201|793|221|260|0|1|293|1|-1|574|58|
3|7|5|2|9|6|2|1|4|2|3|8|7|5|4|4|257|655|193|71|-1|260|130|316|239|241|252|3|376|96|292|341|
6|3|3|5|2|1|0|2|4|7|7|4|7|0|1|0|164|159|136|113|30|78|222|236|313|742|426|233|28|48|288|58|
1|5|4|0|9|4|0|5|8|2|3|8|4|6|9|5|134|144|210|195|-1|67|234|127|0|241|252|3|33|677|-1|221|
0|8|1|9|4|7|2|1|1|2|4|2|7|9|7|0|300|0|209|-1|195|322|292|343|39|241|358|199|376|-1|574|58|
5|2|4|8|8|7|6|0|4|0|3|8|4|6|7|8|169|332|210|2|3|385|299|0|239|111|252|3|33|677|725|3|
0|6|4|6|8|7|8|1|4|8|2|9|7|2|1|9|300|7|210|232|3|322|3|82|239|0|146|-1|28|242|220|-1|
7|7|1|6|2|6|0|1|8|5|3|9|6|5|9|5|349|583|353|389|8|645|305|317|0|89|260|-1|70|96|-1|221|
3|7|5|2|9|2|2|1|4|8|3|5|2|9|9|6|257|655|193|71|-1|65|130|316|239|0|260|289|178|-1|-1|302|
0|9|7|2|8|6|6|4|1|0|4|6|7|9|7|0|300|-1|166|173|3|524|520|269|39|111|27|26|376|-1|574|58|
1|7|4|3|8|7|9|2|7|8|6|5|4|5|7|3|322|656|210|91|3|322|-1|206|659|1|593|293|319|104|574|321|
1|0|9|3|8|7|7|1|7|3|0|1|8|6|5|6|355|237|-1|215|3|322|72|343|21|175|278|324|3|677|200|302|
5|2|4|6|8|7|7|2|1|5|4|8|4|6|9|4|169|332|210|232|3|309|340|122|283|77|195|0|319|396|-1|15|
2|0|4|8|7|7|7|3|8|0|0|6|5|8|5|7|82|237|210|1|512|322|340|242|3|111|278|239|341|3|216|225|
1|1|9|0|9|4|2|2|9|4|6|0|8|9|6|6|355|344|-1|195|-1|67|130|143|-1|198|784|40|3|-1|726|302|
1|6|7|3|8|0|0|5|8|8|3|9|6|5|9|5|152|279|238|352|3|25|234|127|0|0|260|-1|70|96|-1|221|
6|0|4|5|6|9|4|1|8|3|8|1|0|0|1|0|164|237|210|1|461|-1|125|151|1|175|3|324|161|48|288|58|
1|0|9|6|8|7|7|9|3|6|4|2|3|7|7|7|152|237|-1|232|3|309|268|-1|217|595|333|230|264|664|613|443|
0|1|9|6|7|3|6|9|4|8|3|5|7|7|7|8|331|344|-1|232|512|159|793|-1|313|0|260|289|28|113|725|3|
1|0|4|2|8|7|2|1|1|0|2|8|3|6|5|7|355|237|210|108|3|322|292|343|39|212|334|3|264|496|216|225|
1|8|6|6|9|7|0|9|4|1|3|8|1|0|1|0|321|3|100|389|-1|322|203|-1|179|68|252|3|210|48|288|58|
5|3|3|6|9|8|8|5|8|0|0|8|7|7|7|8|169|6|229|232|-1|3|3|295|3|111|278|0|28|113|725|3|
8|6|4|5|2|1|0|9|4|1|4|9|7|0|6|7|3|278|210|113|30|78|222|-1|313|16|333|-1|3|265|3|636|
5|6|4|6|8|7|6|9|4|3|2|8|0|0|9|5|288|7|210|232|3|322|299|-1|239|175|334|3|161|48|-1|221|
5|2|4|8|8|1|2|1|1|3|2|8|3|2|1|9|169|89|210|2|3|30|292|343|39|175|334|3|264|28|220|-1|
7|4|4|6|2|4|2|1|8|4|7|4|5|3|9|3|257|65|210|232|79|67|184|82|3|275|426|233|341|147|-1|254|
1|7|5|5|2|4|7|1|0|0|4|9|5|7|6|6|1|583|90|150|8|175|72|343|229|111|18|-1|309|539|726|302|
