5|5|0|5|8|4|0|9|7|9|0|9|3|4|0|9|237|258|165|324|3|18|12|-1|716|-1|124|-1|155|262|298|-1|
5|1|0|5|8|4|5|9|9|9|0|9|3|4|0|9|237|104|165|324|1|18|58|-1|-1|-1|124|-1|155|262|298|-1|
5|5|0|5|8|4|0|9|7|9|9|8|5|8|1|2|237|258|165|324|3|18|12|-1|716|-1|-1|3|303|2|295|58|
1|5|9|5|8|4|0|0|9|9|9|9|2|7|5|1|0|258|-1|324|3|18|12|80|-1|-1|-1|-1|147|112|182|59|
5|5|9|5|5|9|0|9|9|9|9|9|0|4|8|3|237|258|-1|324|290|-1|12|-1|-1|-1|-1|-1|200|262|3|143|
5|5|0|5|5|9|0|0|5|9|9|9|5|7|0|9|237|258|196|324|238|-1|12|80|354|-1|-1|-1|128|293|298|-1|
9|5|9|5|8|4|0|0|5|9|9|9|5|7|9|4|-1|258|-1|324|3|18|12|80|354|-1|-1|-1|20|293|-1|224|
1|5|9|5|9|9|0|0|9|9|9|9|4|4|6|4|0|258|-1|324|-1|-1|12|80|-1|-1|-1|-1|4|262|217|224|
5|5|9|5|8|4|0|9|9|9|9|9|2|4|9|4|237|213|-1|324|3|18|12|-1|-1|-1|-1|-1|147|262|-1|224|
5|1|0|2|9|4|9|9|9|9|9|9|5|2|2|8|237|13|196|172|-1|18|-1|-1|-1|-1|-1|-1|128|192|117|0|
5|1|9|5|8|9|0|9|1|9|1|9|3|4|2|6|237|239|-1|324|3|-1|12|-1|218|-1|166|-1|216|262|90|340|
5|3|1|5|8|4|0|0|3|9|9|9|4|2|8|7|237|126|202|324|3|18|12|80|179|-1|-1|-1|268|192|3|500|
5|5|9|5|8|4|0|9|5|1|9|0|6|4|3|3|237|258|-1|324|3|18|12|-1|354|235|-1|83|719|262|168|332|
5|5|9|5|8|4|5|9|9|9|9|9|1|8|9|4|237|258|-1|324|3|18|214|-1|-1|-1|-1|-1|115|2|-1|224|
5|1|8|5|9|9|0|0|0|9|9|9|3|8|0|1|237|239|0|324|-1|-1|12|80|79|-1|-1|-1|216|2|298|62|
9|8|9|5|8|4|0|0|1|9|0|9|5|8|1|1|-1|1|-1|324|3|18|12|80|287|-1|232|-1|303|2|335|155|
5|1|9|5|8|4|9|7|0|9|9|8|3|4|5|9|237|239|-1|324|3|18|-1|252|79|-1|-1|2|298|262|286|-1|
5|5|0|5|8|4|0|0|9|9|4|9|1|4|2|1|237|258|165|324|3|18|12|80|-1|-1|65|-1|74|262|117|62|
5|5|9|5|4|4|0|0|0|1|9|9|1|8|7|4|237|258|-1|26|229|18|12|80|79|66|-1|-1|115|2|473|224|
5|1|7|5|8|4|0|9|9|9|9|9|5|2|8|7|237|233|4|324|3|18|12|-1|-1|-1|-1|-1|128|192|3|500|
5|5|9|5|2|4|3|4|2|9|9|9|5|9|0|1|237|269|-1|324|176|18|130|129|3|-1|-1|-1|303|-1|227|62|
5|1|8|5|9|4|0|9|9|9|1|9|7|4|4|3|237|239|0|324|-1|18|12|-1|-1|-1|175|-1|437|262|154|332|
5|5|9|5|8|4|1|0|9|9|9|9|3|1|2|1|140|258|-1|324|3|18|187|80|-1|-1|-1|-1|341|155|165|62|
5|5|9|8|2|4|0|0|9|9|9|9|2|8|0|6|237|258|-1|3|135|18|12|80|-1|-1|-1|-1|147|2|239|340|
4|5|8|8|8|4|0|9|9|9|9|9|6|7|5|1|35|258|0|1|3|18|12|-1|-1|-1|-1|-1|130|112|182|59|
5|5|8|5|7|4|5|0|9|9|9|9|7|9|6|8|237|258|0|324|569|18|328|80|-1|-1|-1|-1|437|-1|159|0|
5|5|9|5|8|4|0|4|9|9|9|9|1|0|1|6|237|213|-1|324|3|18|12|129|-1|-1|-1|-1|220|309|295|340|
5|4|9|9|8|4|0|0|9|1|7|9|7|8|6|0|237|199|-1|-1|3|18|12|80|-1|157|230|-1|437|2|159|226|
9|8|9|4|8|4|9|8|9|3|2|9|6|7|0|1|-1|0|-1|328|3|18|-1|2|-1|231|285|-1|719|293|298|62|
5|5|9|5|8|4|5|0|5|9|9|9|5|1|5|9|237|258|-1|324|3|18|16|80|354|-1|-1|-1|20|155|286|-1|
4|5|9|5|8|1|0|9|9|9|0|5|1|9|1|2|35|269|-1|324|3|201|217|-1|-1|-1|210|173|103|-1|295|58|
5|5|0|5|8|4|5|0|9|9|9|0|6|8|5|9|237|269|196|324|3|18|16|80|-1|-1|-1|83|719|2|286|-1|
5|5|9|5|8|4|0|9|5|1|9|9|5|1|5|1|237|258|-1|324|3|18|12|-1|354|235|-1|-1|303|88|182|59|
5|5|9|5|8|4|0|9|9|9|9|9|5|7|5|3|237|258|-1|324|3|18|12|-1|-1|-1|-1|-1|20|293|182|3|
1|5|9|5|9|4|8|0|9|9|4|9|1|4|2|1|140|269|-1|324|-1|18|3|80|-1|-1|65|-1|74|262|117|62|
1|5|0|4|8|4|4|4|9|9|9|9|4|7|5|3|140|258|165|330|3|18|74|129|-1|-1|-1|-1|4|293|182|3|
9|2|0|5|8|4|0|9|9|9|1|9|3|4|2|6|-1|56|165|324|3|18|12|-1|-1|-1|166|-1|216|262|90|340|
5|5|9|5|8|4|0|9|2|9|9|9|5|9|2|1|237|258|-1|324|3|18|12|-1|72|-1|-1|-1|303|-1|117|62|
5|5|5|5|8|4|0|9|5|9|9|9|5|4|9|4|237|258|67|324|3|18|12|-1|354|-1|-1|-1|128|262|-1|224|
5|5|9|5|8|4|0|0|0|5|9|9|7|4|7|6|237|258|-1|324|3|18|359|80|85|204|-1|-1|437|262|789|340|
9|5|9|8|2|4|0|0|9|9|9|9|2|7|5|1|-1|258|-1|3|135|18|12|80|-1|-1|-1|-1|147|112|182|59|
5|5|9|5|9|4|0|9|9|1|9|0|3|4|5|9|237|269|-1|324|-1|18|12|-1|-1|235|-1|83|298|262|286|-1|
5|5|6|5|8|4|0|0|5|9|9|9|5|2|8|7|237|258|303|324|3|18|12|80|354|-1|-1|-1|128|192|3|500|
5|5|9|5|3|4|0|9|9|9|2|9|5|2|8|7|237|258|-1|324|143|18|12|-1|-1|-1|254|-1|128|192|3|500|
5|1|9|5|8|9|0|9|1|9|9|6|3|1|5|3|77|258|-1|324|3|-1|12|-1|218|-1|-1|26|341|155|335|332|
1|5|9|5|8|4|0|9|1|9|9|9|5|4|9|4|256|258|-1|324|3|18|12|-1|287|-1|-1|-1|257|262|-1|224|
5|2|9|4|5|4|0|9|1|9|9|9|5|8|2|8|237|4|-1|39|191|18|12|-1|218|-1|-1|-1|128|2|117|0|
5|6|9|5|8|4|0|0|9|9|9|8|3|4|5|9|237|627|-1|324|3|18|12|80|-1|-1|-1|2|298|262|286|-1|
5|3|3|5|4|4|0|9|9|9|9|9|5|9|5|3|237|126|184|324|229|18|12|-1|-1|-1|-1|-1|128|-1|335|332|
5|6|9|5|8|4|0|0|9|9|0|9|6|8|1|2|237|571|-1|324|3|18|12|204|-1|-1|232|-1|130|2|295|58|
9|5|9|4|9|4|0|9|9|1|9|9|6|0|5|9|-1|269|-1|312|-1|18|12|-1|-1|157|-1|-1|684|195|286|-1|
4|2|0|5|8|4|0|0|9|9|9|3|7|9|6|6|35|56|165|324|3|18|12|80|-1|-1|-1|155|728|-1|159|340|
9|1|9|5|9|4|5|7|9|8|9|9|5|4|8|7|-1|258|-1|324|-1|18|328|642|-1|2|-1|-1|303|262|3|500|
9|2|7|7|8|4|0|4|3|9|9|9|5|2|1|2|-1|337|799|47|3|18|12|129|232|-1|-1|-1|128|192|295|58|
5|1|0|3|2|9|0|0|9|1|9|9|5|7|0|1|237|239|165|265|76|-1|12|80|-1|221|-1|-1|128|293|298|62|
5|5|0|5|4|4|0|9|9|9|9|9|5|7|8|8|237|258|196|324|229|18|12|-1|-1|-1|-1|-1|303|293|3|1|
5|1|9|5|8|4|0|0|1|5|5|9|3|5|6|6|140|239|-1|324|3|18|12|80|287|11|237|-1|341|41|159|340|
5|5|9|5|9|4|0|0|5|1|9|2|2|4|9|4|237|258|-1|324|-1|18|12|80|354|235|-1|268|147|262|-1|224|
9|5|9|5|9|4|0|0|9|9|9|9|6|7|0|1|-1|258|-1|324|-1|18|12|80|-1|-1|-1|-1|719|293|298|62|
5|4|9|4|9|4|0|5|9|9|9|9|6|5|9|8|237|329|-1|312|-1|18|12|317|-1|-1|-1|-1|684|275|-1|3|
5|5|9|5|9|5|0|4|9|1|9|0|4|7|0|1|237|258|-1|324|-1|352|12|289|-1|45|-1|201|4|293|298|62|
4|1|0|5|8|4|0|6|1|9|9|9|5|2|0|1|35|239|196|324|3|18|12|745|287|-1|-1|-1|128|192|298|62|
5|5|9|5|8|0|0|0|9|9|9|9|5|2|4|2|237|269|-1|324|3|213|12|80|-1|-1|-1|-1|128|192|165|58|
5|6|9|4|9|4|4|9|4|9|5|9|5|7|0|1|237|402|-1|312|-1|18|74|-1|2|-1|237|-1|303|293|298|62|
5|5|9|5|8|4|0|9|9|5|9|9|3|8|5|9|237|258|-1|324|3|18|12|-1|-1|43|-1|-1|216|2|286|-1|
3|5|9|5|8|4|0|9|9|1|9|9|3|7|8|7|39|269|-1|324|3|18|12|-1|-1|157|-1|-1|216|293|3|500|
5|5|9|5|8|3|0|6|9|9|3|9|2|7|5|3|237|258|-1|324|3|267|12|578|-1|-1|312|-1|51|293|182|65|
9|1|8|5|8|4|9|9|9|9|9|9|3|4|4|7|-1|239|0|324|3|18|-1|-1|-1|-1|-1|-1|216|262|257|500|
5|1|3|5|8|8|0|5|5|9|9|9|5|8|2|4|237|239|185|324|3|0|12|262|354|-1|-1|-1|128|0|242|86|
9|8|0|5|2|4|5|0|9|9|9|9|5|4|9|4|-1|3|205|26|76|18|16|80|-1|-1|-1|-1|303|262|-1|224|
5|0|8|4|8|4|0|9|9|9|9|9|5|7|5|3|77|80|0|312|3|18|12|-1|-1|-1|-1|-1|20|293|182|3|
5|5|6|5|4|4|0|9|9|9|9|9|7|4|9|4|237|269|98|324|229|18|12|-1|-1|-1|-1|-1|437|262|-1|224|
7|5|9|5|8|4|0|9|2|9|9|9|5|9|2|1|501|258|-1|324|3|18|12|-1|72|-1|-1|-1|303|-1|117|62|
5|2|2|5|8|4|0|9|9|6|9|6|6|1|1|6|237|56|15|26|3|18|12|-1|-1|21|-1|341|684|191|295|340|
5|3|9|5|1|1|0|7|0|5|9|7|3|5|5|3|237|289|-1|324|315|221|12|182|85|204|-1|256|43|319|182|3|
9|5|9|4|9|4|0|9|8|9|9|9|4|8|5|9|-1|258|-1|312|-1|18|12|-1|0|-1|-1|-1|4|2|286|-1|
8|2|2|5|8|4|0|0|9|9|9|9|5|7|2|1|0|56|15|26|3|18|12|80|-1|-1|-1|-1|128|112|294|59|
5|1|8|5|8|2|0|9|9|9|9|8|0|7|2|5|237|239|0|324|3|267|12|-1|-1|-1|-1|0|200|641|352|38|
1|5|9|5|2|4|0|9|9|9|9|8|4|4|6|4|97|213|-1|324|201|18|139|-1|-1|-1|-1|0|4|262|217|224|
5|5|0|5|4|4|0|0|0|1|9|9|7|3|5|3|237|258|165|324|229|18|12|80|145|66|-1|-1|437|161|182|3|
5|5|9|7|0|4|0|9|5|9|3|9|6|2|5|3|237|269|-1|727|287|18|12|-1|354|-1|172|-1|130|192|335|332|
5|5|9|5|2|4|0|9|8|9|9|9|5|7|5|1|237|258|-1|324|76|18|12|-1|0|-1|-1|-1|128|112|182|59|
5|1|0|3|8|4|0|2|1|9|9|9|3|4|4|7|237|239|165|265|3|18|12|80|287|-1|-1|-1|216|262|257|500|
5|5|9|5|0|4|0|9|9|1|9|6|3|4|2|6|237|258|-1|324|193|18|12|-1|-1|157|-1|256|43|206|90|340|
9|5|9|4|3|4|0|0|9|9|9|9|3|7|5|3|-1|269|-1|312|271|18|12|80|-1|-1|-1|-1|216|293|182|3|
9|7|9|8|4|4|0|9|9|9|9|9|7|1|0|1|-1|229|-1|1|343|18|12|-1|-1|-1|-1|-1|437|313|298|62|
8|5|9|5|9|4|5|0|9|6|9|9|4|6|9|4|0|269|-1|324|-1|18|16|80|-1|86|-1|-1|92|722|-1|224|
5|1|0|5|8|4|5|9|9|9|0|9|3|4|0|9|237|104|165|324|1|18|58|-1|-1|-1|124|-1|155|262|298|-1|
5|5|0|5|8|4|0|9|7|9|9|8|5|8|1|2|237|258|165|324|3|18|12|-1|716|-1|-1|3|303|2|295|58|
1|5|9|5|5|9|0|9|9|9|9|9|2|7|5|1|0|258|-1|324|290|-1|12|-1|-1|-1|-1|-1|147|112|182|59|
5|5|9|5|8|4|0|0|9|9|9|9|0|4|8|3|237|258|-1|324|3|18|12|80|-1|-1|-1|-1|200|262|3|143|
5|5|0|5|5|9|0|0|5|9|9|9|5|7|0|9|237|258|196|324|238|-1|12|80|354|-1|-1|-1|20|293|298|-1|
9|5|9|5|8|4|0|0|5|9|9|9|5|7|9|4|-1|258|-1|324|3|18|12|80|354|-1|-1|-1|128|293|-1|224|
1|5|9|5|9|4|0|9|9|9|9|9|2|4|6|4|0|258|-1|324|-1|18|12|-1|-1|-1|-1|-1|147|262|217|224|
5|5|9|5|8|9|0|0|9|9|9|5|4|4|9|4|237|213|-1|324|3|-1|12|80|-1|-1|-1|318|4|262|-1|224|
5|1|9|5|8|9|0|9|1|9|9|9|5|2|6|8|237|239|-1|324|3|-1|12|-1|218|-1|-1|-1|128|192|306|0|
5|1|0|5|9|4|9|9|9|9|1|9|3|4|2|6|237|13|196|324|-1|18|-1|-1|-1|-1|166|-1|216|262|90|340|
5|3|1|5|8|4|0|9|5|9|9|9|4|2|8|7|237|126|202|324|3|18|12|-1|354|-1|-1|-1|268|192|3|500|
5|5|9|5|8|4|0|0|5|0|8|0|6|4|3|3|237|258|-1|324|3|18|12|80|354|275|2|83|719|262|168|332|
5|5|8|5|8|4|5|9|9|9|9|9|1|8|9|4|237|258|0|324|3|18|214|-1|-1|-1|-1|-1|115|2|-1|224|
