9|5|5|0|8|5|1|4|5|8|1|5|6|5|4|1|-1|236|328|297|3|4|20|5|2|0|43|113|531|259|134|2|
3|5|9|0|8|5|1|4|5|8|1|5|6|5|4|1|228|236|-1|297|3|4|20|5|2|0|43|113|531|259|134|2|
9|5|5|5|8|4|9|4|5|4|4|9|0|6|2|8|-1|236|328|162|3|67|-1|101|318|52|257|-1|161|137|91|3|
3|5|4|9|8|5|8|4|5|4|9|9|2|1|0|0|228|236|145|-1|3|4|0|101|132|52|-1|-1|94|37|354|32|
9|5|9|5|8|1|8|9|5|4|8|5|5|9|2|7|-1|236|-1|162|3|184|2|-1|132|328|0|24|128|-1|163|762|
4|1|9|8|5|9|9|8|8|9|4|9|2|7|2|8|310|43|-1|0|336|-1|-1|0|0|-1|112|-1|260|166|91|3|
9|5|5|5|8|1|1|4|9|8|0|4|5|5|5|6|-1|236|75|162|3|283|20|5|-1|0|119|8|128|23|153|40|
9|5|9|9|5|5|9|4|9|8|4|6|2|7|1|5|-1|236|-1|-1|97|4|-1|5|-1|0|257|26|94|166|327|187|
9|5|9|5|8|5|8|9|5|5|4|5|5|7|9|0|-1|236|-1|162|3|4|0|-1|132|303|257|113|162|29|-1|317|
8|3|4|2|5|5|9|4|5|8|9|9|3|5|2|8|2|357|145|41|336|4|-1|101|2|0|-1|-1|127|155|91|3|
4|5|0|9|8|9|9|4|8|4|0|8|4|3|1|5|310|236|312|-1|3|-1|-1|126|0|135|119|1|124|181|327|187|
8|5|1|1|8|4|9|4|5|2|4|9|6|5|1|0|2|236|280|135|3|67|-1|101|132|42|257|-1|531|149|287|32|
9|5|1|9|8|9|1|4|4|5|9|4|6|7|2|8|-1|236|119|-1|3|-1|20|5|51|303|-1|259|531|665|91|3|
9|2|4|2|0|9|8|9|5|8|4|4|6|0|9|0|-1|222|145|218|222|-1|0|-1|132|0|257|8|531|115|-1|317|
8|5|0|5|8|4|1|4|5|4|9|4|2|9|5|6|2|236|312|162|3|79|20|5|132|52|-1|8|94|-1|153|40|
7|8|9|5|3|4|1|4|5|1|8|9|6|5|1|8|445|0|-1|162|90|79|20|5|318|0|0|-1|531|148|335|3|
9|5|9|5|8|5|9|4|5|4|4|0|0|5|0|0|-1|176|-1|162|3|4|-1|101|322|261|112|102|123|155|354|32|
4|5|1|5|0|5|9|4|5|8|4|9|6|1|2|0|310|206|280|162|222|4|-1|126|2|0|112|-1|531|23|342|151|
8|5|1|5|8|5|8|4|9|5|9|4|6|7|1|0|2|236|280|162|3|4|0|5|-1|59|-1|259|531|665|287|32|
9|5|5|4|8|5|8|4|5|8|4|9|5|7|9|5|-1|236|294|210|3|4|2|101|132|0|112|-1|128|665|-1|187|
8|5|8|9|0|9|8|4|5|4|4|6|5|6|9|2|2|236|2|-1|222|-1|0|126|2|261|257|26|128|137|-1|107|
4|5|9|5|4|5|9|4|5|8|4|9|2|6|9|9|310|236|-1|162|306|4|-1|101|318|0|257|-1|299|145|-1|-1|
4|5|1|1|8|5|8|4|5|5|4|0|8|6|7|5|152|236|280|135|3|4|0|101|132|59|257|46|1|137|286|187|
8|0|4|5|8|9|8|4|5|1|8|4|2|1|9|0|2|39|145|162|3|-1|2|5|318|0|0|5|356|276|-1|15|
9|5|9|9|8|4|9|6|5|5|9|4|0|1|2|8|-1|236|-1|-1|3|79|-1|487|132|150|-1|5|151|276|91|3|
4|5|8|5|8|4|1|4|9|8|4|9|6|4|2|8|310|236|0|162|0|79|20|5|-1|0|112|-1|531|286|91|3|
8|5|1|5|8|9|9|4|5|8|4|4|6|0|9|0|2|236|280|162|3|-1|-1|5|132|0|257|8|531|115|-1|317|
9|5|1|9|8|9|8|4|5|9|4|6|6|1|2|0|-1|236|119|-1|3|-1|0|101|2|-1|257|26|531|23|342|151|
9|5|1|5|5|5|8|4|5|8|4|9|0|7|7|8|-1|236|280|162|336|4|0|5|132|0|90|-1|123|29|109|3|
9|7|5|0|8|5|9|9|5|4|4|9|0|6|2|8|-1|200|2|12|3|4|-1|-1|224|52|257|-1|161|137|91|3|
4|9|1|9|8|9|8|4|8|8|5|5|5|2|2|8|310|-1|119|-1|3|-1|0|311|0|0|229|113|162|330|91|3|
5|2|9|5|8|5|8|8|4|8|9|8|5|7|2|8|245|222|-1|162|3|4|0|3|51|0|-1|0|128|665|91|3|
8|5|1|5|8|5|8|9|5|4|4|9|0|6|9|5|2|236|280|162|3|4|0|-1|318|52|257|-1|161|137|-1|187|
4|7|9|5|8|4|9|9|5|5|0|9|2|6|9|5|310|256|-1|162|3|79|-1|-1|132|303|119|-1|299|145|-1|187|
4|5|1|5|8|4|2|1|9|8|4|9|8|4|2|0|143|236|117|162|3|67|43|308|-1|0|112|-1|2|322|342|151|
4|9|1|9|8|9|1|8|8|8|9|4|8|7|9|5|310|-1|119|-1|3|-1|208|3|0|0|-1|8|1|665|-1|187|
6|4|1|5|8|9|9|9|5|8|4|5|6|7|1|8|689|315|117|162|3|-1|-1|-1|2|0|101|113|531|665|335|3|
3|5|1|5|8|5|8|9|5|4|4|9|0|6|0|1|228|236|280|162|3|4|0|-1|318|52|257|-1|161|137|115|123|
4|7|5|5|8|0|8|6|5|5|0|4|8|6|2|8|310|330|2|162|3|15|2|602|143|303|119|8|1|137|91|3|
8|5|1|5|8|5|8|9|5|4|4|0|5|6|2|8|2|236|280|162|3|4|0|-1|318|52|257|352|128|137|91|3|
5|5|1|9|8|5|8|4|5|4|5|9|0|4|9|1|245|236|280|-1|3|4|2|101|318|261|212|-1|151|277|-1|123|
9|5|9|5|8|5|8|3|4|2|9|6|5|6|9|5|-1|236|-1|162|3|4|0|347|51|70|-1|26|128|137|-1|187|
4|5|4|5|8|4|9|4|4|8|1|6|0|9|2|8|152|236|62|162|3|79|-1|101|51|0|75|26|140|-1|91|3|
4|1|1|9|8|5|8|4|5|4|5|0|5|7|9|1|152|29|280|-1|3|4|0|101|2|261|212|352|128|665|-1|123|
9|5|1|5|8|4|8|9|5|4|0|0|5|9|2|5|-1|236|280|162|3|79|0|-1|2|261|185|352|128|-1|163|187|
3|4|9|5|8|5|8|4|5|9|4|4|0|1|2|8|143|242|-1|162|3|4|0|101|132|-1|112|5|151|276|91|3|
9|1|1|9|8|5|8|4|5|1|8|9|6|1|2|8|-1|271|119|-1|3|4|0|126|0|0|0|-1|531|23|342|2|
9|9|4|9|8|5|8|3|8|4|0|0|5|5|0|0|-1|-1|145|-1|3|4|0|347|0|52|119|352|128|155|354|32|
4|5|5|5|8|9|8|4|5|8|4|5|1|6|0|0|245|236|2|79|3|-1|0|101|132|0|257|24|312|117|354|32|
9|5|1|8|5|5|8|4|5|8|9|7|5|7|0|8|-1|236|280|0|336|4|0|101|132|0|-1|628|128|665|354|2|
9|5|9|5|8|4|8|4|5|4|4|6|1|6|0|1|-1|236|-1|162|3|180|0|223|318|52|234|26|312|117|115|123|
9|5|9|5|8|3|9|2|5|8|4|5|1|3|6|0|-1|236|-1|162|3|119|-1|36|132|0|257|24|312|181|532|106|
8|5|1|5|8|5|8|9|5|0|0|4|8|6|1|5|2|236|280|162|3|4|0|-1|132|225|119|8|1|137|327|187|
8|5|7|5|8|5|8|8|4|9|4|9|6|1|2|0|2|236|616|162|3|4|0|3|51|-1|112|-1|531|23|342|151|
4|4|6|9|8|5|8|3|5|4|9|9|5|4|5|6|310|315|160|-1|3|4|0|347|318|52|-1|-1|128|277|153|40|
9|9|1|5|8|5|8|9|5|8|7|9|5|5|1|8|-1|-1|119|162|3|4|0|-1|132|0|235|-1|345|148|335|3|
9|1|4|9|0|5|8|4|5|8|4|5|0|1|2|0|-1|271|145|-1|222|4|0|126|0|0|257|113|151|276|342|151|
9|5|1|4|8|5|2|4|5|8|9|1|0|9|1|9|-1|236|280|10|3|4|129|101|318|0|-1|106|161|-1|331|-1|
9|4|5|9|8|5|3|4|8|8|1|9|0|9|1|0|-1|219|294|-1|3|4|114|101|0|0|43|-1|161|-1|331|32|
9|3|9|7|8|5|8|9|5|5|0|4|8|7|9|0|-1|56|-1|623|3|4|0|-1|132|303|119|8|1|665|-1|151|
9|5|9|2|3|5|8|4|5|8|9|7|5|7|9|5|-1|236|-1|41|265|4|0|5|132|0|-1|428|128|665|-1|187|
4|5|9|7|8|5|8|4|8|5|9|4|7|6|6|0|310|236|-1|406|3|4|0|101|0|59|-1|259|397|137|532|63|
9|3|4|2|5|5|9|4|5|0|4|1|6|9|5|6|-1|56|145|41|336|4|-1|101|132|225|257|223|531|-1|153|40|
4|5|9|5|8|5|8|4|5|0|4|5|1|3|1|7|310|236|-1|162|3|4|0|101|318|225|257|24|312|181|335|340|
3|3|4|2|0|5|4|4|5|8|4|6|0|6|2|8|228|357|145|218|222|4|226|101|132|0|101|26|161|137|91|3|
4|5|9|5|8|4|7|9|5|4|3|4|5|6|6|1|310|236|-1|162|3|180|427|-1|132|52|90|213|128|137|441|123|
9|3|9|5|8|5|1|4|5|8|9|9|5|7|9|1|-1|56|-1|162|3|4|20|5|132|0|-1|-1|128|665|-1|123|
5|3|9|9|8|5|8|4|4|5|9|6|0|1|2|8|245|56|-1|-1|3|4|0|126|51|303|-1|392|161|276|91|3|
4|5|9|5|8|4|8|8|8|8|4|4|1|7|9|0|310|236|-1|162|3|79|0|3|0|0|257|8|109|166|-1|15|
4|0|4|9|8|5|8|9|5|4|1|5|8|7|1|7|310|39|298|-1|3|4|0|-1|132|52|75|24|1|665|327|17|
4|9|1|9|8|9|1|8|8|0|4|0|5|9|2|5|310|-1|119|-1|3|-1|208|3|0|196|112|352|128|-1|163|187|
8|4|1|5|8|5|8|4|5|5|9|4|6|9|1|0|2|315|117|247|3|4|0|126|2|59|-1|259|531|-1|331|32|
9|5|5|2|3|4|8|4|5|8|9|0|5|4|9|0|-1|236|2|41|265|67|0|101|132|0|-1|352|128|160|-1|317|
8|5|4|2|0|5|4|4|9|8|6|5|5|9|2|3|2|236|145|218|222|4|226|101|-1|0|167|24|128|-1|163|274|
4|8|8|9|8|5|8|4|6|8|4|7|5|6|2|5|143|0|3|-1|3|4|0|58|93|0|257|428|128|137|37|187|
9|5|1|5|5|5|9|4|4|8|9|5|5|9|2|3|-1|236|280|162|336|4|-1|5|51|0|-1|24|128|-1|163|274|
7|5|1|5|8|9|8|3|5|8|4|6|5|6|9|5|733|236|117|162|3|-1|0|347|318|0|257|26|128|137|-1|187|
4|5|4|5|8|4|8|9|5|5|9|5|6|7|9|1|310|236|62|162|3|79|0|-1|132|303|-1|113|531|665|-1|123|
4|5|8|5|8|5|7|3|8|8|0|4|4|7|9|1|152|176|3|162|3|4|427|347|0|0|119|223|282|29|-1|123|
8|5|9|5|8|5|8|4|5|8|7|4|5|6|6|0|2|236|-1|162|3|4|0|126|132|0|235|30|128|137|532|106|
2|5|1|9|5|5|8|8|4|5|9|5|2|6|9|0|312|236|280|-1|97|4|0|3|51|303|-1|113|74|232|-1|151|
2|5|1|9|1|5|8|4|5|8|9|6|5|7|9|1|312|236|119|-1|127|4|0|5|132|0|-1|26|162|29|-1|123|
4|5|8|2|8|5|8|3|4|8|9|0|5|4|0|8|310|236|3|41|3|4|0|347|51|0|-1|352|128|277|91|3|
4|5|1|5|5|5|9|4|5|0|4|5|1|3|8|0|310|236|280|162|336|4|-1|101|132|225|257|24|312|181|2|106|
8|5|9|5|8|4|9|4|9|1|8|4|0|6|2|8|2|236|-1|162|3|67|-1|5|-1|0|0|5|161|137|91|3|
4|5|9|9|8|5|9|4|5|8|4|6|5|6|9|5|310|236|-1|-1|3|304|-1|101|132|0|257|26|128|137|-1|187|
9|5|1|6|8|4|1|4|5|8|9|6|5|0|3|5|-1|236|280|409|3|79|20|101|132|0|-1|245|128|146|96|187|
5|3|1|5|8|9|7|4|5|3|4|4|8|6|0|1|245|56|119|162|3|-1|427|5|132|237|257|8|1|137|115|123|
9|5|1|9|8|5|8|4|5|8|4|6|5|6|9|5|-1|236|119|-1|3|4|0|126|0|0|257|26|128|137|-1|187|
3|5|5|0|8|5|1|4|5|8|1|5|6|5|4|1|228|236|328|297|3|4|20|5|2|0|43|113|531|259|134|2|
9|5|9|5|8|4|9|4|5|4|4|9|0|7|2|8|-1|236|-1|162|3|67|-1|101|318|52|257|-1|161|681|91|3|
3|5|4|9|8|5|8|4|5|4|9|9|2|1|0|0|228|236|145|-1|3|4|0|101|132|52|-1|-1|94|37|354|32|
9|5|9|5|8|1|8|9|5|4|8|5|5|9|2|7|-1|236|-1|162|3|184|2|-1|132|328|0|24|128|-1|163|762|
4|1|9|8|5|9|9|8|8|9|4|9|2|7|2|8|310|43|-1|0|336|-1|-1|0|0|-1|112|-1|260|166|91|3|
9|5|5|5|8|1|1|4|9|8|0|4|5|5|5|6|-1|236|75|162|3|283|20|5|-1|0|119|8|128|23|153|40|
9|5|9|9|5|5|8|9|5|5|4|5|2|7|1|5|-1|236|-1|-1|97|4|0|-1|132|303|257|113|94|166|327|187|
9|5|9|5|8|5|9|4|9|8|4|6|5|7|9|0|-1|236|-1|162|3|4|-1|5|-1|0|257|26|162|29|-1|317|
8|3|4|9|8|5|9|4|5|8|9|9|3|5|2|8|2|357|145|-1|3|4|-1|101|2|0|-1|-1|127|155|91|3|
4|5|0|2|5|9|9|4|8|4|0|8|4|3|1|5|310|236|312|41|336|-1|-1|126|0|135|119|1|124|181|327|187|
8|5|1|1|8|4|9|4|4|5|9|4|6|7|1|0|2|236|280|135|3|67|-1|5|51|303|-1|259|531|665|287|32|
