5|5|5|5|8|4|0|9|9|9|9|9|4|2|7|8|217|258|218|324|3|18|12|-1|-1|-1|-1|-1|141|108|371|2|
1|5|5|8|9|4|0|9|9|9|9|9|4|2|6|8|64|258|218|2|-1|18|12|-1|-1|-1|-1|-1|141|108|262|2|
5|5|5|5|8|4|0|9|4|9|9|4|8|7|7|5|217|258|218|324|3|18|12|-1|263|-1|-1|72|3|509|556|140|
5|0|0|5|1|4|0|9|9|9|9|9|4|5|3|5|237|72|95|324|114|18|12|-1|-1|-1|-1|-1|41|127|305|286|
5|5|0|5|8|4|0|9|9|9|9|4|3|3|7|3|237|258|36|29|3|18|12|-1|-1|-1|-1|121|196|243|74|271|
5|4|0|5|0|4|0|9|9|4|9|4|0|7|5|8|237|187|19|29|175|18|12|-1|-1|94|-1|15|322|173|167|2|
5|5|5|5|8|4|0|9|8|4|9|4|1|1|3|5|237|258|218|324|3|18|12|-1|0|94|-1|15|189|327|305|286|
5|0|8|4|8|8|0|9|9|9|7|5|1|0|7|6|237|126|3|19|3|3|12|-1|-1|-1|782|208|236|337|74|167|
5|5|0|5|8|4|8|9|5|4|9|3|1|0|5|0|237|258|19|324|3|167|2|-1|345|94|-1|65|189|193|1|204|
5|3|5|5|8|4|0|5|8|9|9|9|1|7|0|3|237|290|214|324|3|18|12|96|0|-1|-1|-1|266|356|1|82|
5|5|1|5|8|4|0|9|9|4|9|4|1|7|7|9|237|258|330|324|3|18|12|-1|-1|94|-1|15|189|281|556|-1|
5|5|0|0|9|4|0|9|9|9|9|9|4|2|7|8|237|258|19|147|-1|18|12|-1|-1|-1|-1|-1|141|108|371|2|
5|5|5|5|8|4|0|9|9|4|9|4|1|3|4|8|217|258|10|324|3|18|12|-1|-1|94|-1|15|189|274|27|1|
5|5|5|9|5|4|1|9|9|9|9|5|0|5|5|4|237|258|218|-1|320|18|56|-1|-1|-1|-1|259|318|331|295|17|
9|5|0|5|8|4|0|9|1|9|9|9|8|7|7|2|-1|147|19|324|3|18|12|-1|132|-1|-1|-1|0|281|556|207|
5|5|5|5|8|4|4|9|9|9|9|4|1|4|6|5|237|258|218|324|3|18|0|-1|-1|-1|-1|15|189|43|227|96|
5|6|5|4|5|4|0|9|9|9|9|3|0|6|5|8|237|184|218|193|72|18|12|-1|-1|-1|-1|63|318|491|1|2|
5|5|1|5|8|4|0|9|1|9|9|9|8|2|5|5|259|258|330|324|3|18|12|-1|296|-1|-1|-1|0|132|1|224|
0|9|0|7|8|4|0|9|4|0|9|2|5|2|0|8|139|-1|36|89|3|18|12|-1|133|182|-1|323|64|108|1|2|
9|5|0|8|8|4|5|9|8|9|9|9|4|2|7|8|-1|320|19|2|3|18|160|-1|0|-1|-1|-1|141|108|371|2|
5|5|5|5|8|4|0|9|9|9|9|4|8|2|6|0|237|258|10|324|3|18|12|-1|-1|-1|-1|15|0|132|746|110|
0|5|5|5|8|4|0|9|0|8|9|5|4|7|5|7|139|258|218|324|3|18|12|-1|294|3|-1|259|141|281|206|657|
9|5|1|5|8|4|0|9|9|9|0|9|0|1|3|5|-1|258|24|324|3|18|12|-1|-1|-1|141|-1|318|96|305|286|
5|5|8|5|8|0|0|9|9|4|9|1|4|3|7|0|237|258|1|324|3|332|12|-1|-1|94|-1|139|205|274|556|110|
1|5|5|5|8|4|8|9|8|9|9|1|6|0|7|3|64|258|214|324|3|167|0|-1|0|-1|-1|139|618|337|74|271|
5|5|6|5|8|4|4|9|5|9|9|1|1|3|5|8|237|160|628|324|3|18|188|-1|345|-1|-1|139|189|243|167|2|
5|5|5|5|5|8|1|9|9|9|2|5|0|5|7|3|217|258|218|61|320|3|299|-1|-1|-1|199|259|233|127|74|271|
5|4|9|5|8|4|2|2|0|9|9|9|1|7|5|5|237|279|-1|324|3|18|248|121|294|-1|-1|-1|189|281|295|96|
5|5|0|5|8|4|0|9|4|9|9|4|0|6|5|8|237|258|19|324|3|167|12|-1|263|-1|-1|15|318|491|1|2|
5|2|6|5|8|4|0|9|0|9|9|9|2|5|7|5|237|246|628|73|3|18|12|-1|294|-1|-1|-1|125|331|556|73|
5|5|5|8|8|4|0|9|9|6|9|4|5|3|5|5|237|258|10|2|3|18|12|-1|-1|257|-1|15|64|274|295|96|
5|5|0|5|8|4|0|9|0|9|5|5|0|5|5|9|237|258|19|324|3|167|12|-1|335|-1|158|259|322|127|1|-1|
5|5|5|1|8|4|0|9|4|9|9|4|9|3|7|3|237|258|218|171|3|18|12|-1|133|-1|-1|15|-1|243|74|271|
9|5|0|5|8|5|0|4|8|9|9|9|1|3|7|8|-1|258|19|324|3|124|12|55|0|-1|-1|-1|189|274|556|3|
9|4|0|5|8|4|0|4|1|8|9|4|8|5|7|8|-1|279|19|201|3|18|12|55|74|2|-1|15|0|331|556|3|
5|5|5|5|9|4|4|9|8|9|9|9|7|2|0|8|217|258|218|324|-1|18|188|-1|0|-1|-1|-1|555|108|1|2|
1|5|5|5|8|4|0|9|0|9|9|9|8|3|9|7|64|258|218|61|3|18|12|-1|335|-1|-1|-1|3|243|-1|558|
5|5|5|5|9|4|4|9|8|9|9|9|9|7|5|4|237|258|218|324|-1|18|188|-1|0|-1|-1|-1|-1|281|36|190|
5|5|0|7|8|4|8|9|9|9|9|9|2|7|3|5|103|258|19|98|3|18|0|-1|-1|-1|-1|-1|61|281|305|286|
5|5|5|0|5|4|0|9|1|9|9|1|9|5|8|8|237|258|218|147|320|18|12|-1|296|-1|-1|139|-1|331|0|2|
5|5|5|5|8|4|0|9|8|9|7|4|0|3|7|3|237|258|218|61|3|18|12|-1|0|-1|153|15|318|33|74|271|
0|5|9|9|5|8|1|9|9|9|9|9|9|7|5|5|70|160|-1|-1|320|3|299|-1|-1|-1|-1|-1|-1|281|1|224|
5|5|1|0|8|8|0|1|7|9|9|9|8|0|7|3|237|258|330|11|3|3|12|251|161|-1|-1|-1|0|337|74|271|
5|5|5|5|5|4|4|9|9|4|9|4|1|7|0|8|237|258|86|61|320|18|188|-1|-1|94|-1|15|189|281|1|0|
5|5|5|5|8|4|0|9|1|9|9|1|0|2|7|8|237|258|218|98|3|18|12|-1|296|-1|-1|248|318|108|390|2|
5|5|2|5|8|4|0|9|8|9|7|1|9|5|8|8|237|258|360|61|3|18|12|-1|0|-1|153|139|-1|331|0|2|
5|2|5|5|3|4|0|9|8|9|9|4|4|7|5|5|237|287|218|61|324|18|12|-1|0|-1|-1|15|33|566|295|96|
5|5|5|5|8|4|0|9|1|9|9|9|5|3|7|5|217|258|10|324|3|35|12|-1|132|-1|-1|-1|64|274|556|73|
5|6|0|5|9|4|4|9|8|9|9|9|8|3|9|7|237|48|19|73|-1|18|188|-1|0|-1|-1|-1|3|243|-1|558|
5|3|5|8|8|6|2|9|8|9|9|4|8|0|7|3|237|290|218|2|3|170|248|-1|0|-1|-1|15|0|337|74|271|
5|5|5|5|0|5|0|3|8|4|0|9|0|7|5|7|237|160|218|324|276|124|12|209|0|94|141|-1|318|281|206|657|
7|5|5|6|8|8|0|9|1|9|9|1|0|1|7|0|573|258|218|371|3|3|12|-1|296|-1|-1|139|318|76|556|110|
5|5|3|5|9|4|0|9|8|4|9|4|9|7|4|5|103|258|170|324|-1|18|12|-1|0|94|-1|15|-1|281|27|116|
5|5|5|9|8|4|4|9|9|9|9|9|9|7|5|4|237|258|218|-1|3|18|230|-1|-1|-1|-1|-1|-1|281|36|190|
5|5|0|7|9|4|0|9|4|9|9|4|1|7|5|5|237|258|19|371|-1|18|12|-1|263|-1|-1|15|189|281|295|96|
5|2|5|5|8|4|0|9|9|9|5|5|0|7|5|8|237|42|66|61|3|18|12|-1|-1|-1|158|259|322|173|167|2|
5|4|0|9|8|0|0|9|9|9|5|5|0|5|5|7|237|279|19|-1|3|160|12|-1|-1|-1|158|259|318|331|206|657|
5|5|4|5|8|4|7|9|3|0|9|9|1|4|5|5|237|180|356|324|3|18|556|-1|62|182|-1|-1|232|40|295|96|
5|5|5|5|8|4|0|9|1|9|9|9|1|3|5|2|237|258|218|324|3|18|12|-1|132|-1|-1|-1|232|274|1|227|
5|0|5|4|8|2|3|9|8|9|9|9|5|6|7|8|103|323|218|19|3|165|91|-1|0|-1|-1|-1|64|124|556|3|
5|0|8|5|8|4|0|9|1|9|9|1|4|2|7|8|237|126|3|324|3|18|12|-1|36|-1|-1|139|141|108|371|2|
5|5|0|5|8|4|1|4|2|9|4|9|8|3|5|4|103|258|19|324|3|192|183|232|123|-1|107|-1|0|274|36|190|
5|5|5|0|8|0|0|9|9|9|9|4|5|6|8|9|237|258|218|147|3|160|12|-1|-1|-1|-1|72|64|474|2|-1|
5|5|0|1|8|4|3|9|5|9|9|9|8|3|1|6|230|180|36|242|3|18|91|-1|352|-1|-1|-1|0|50|57|736|
5|5|5|8|5|4|0|9|8|9|9|9|9|3|9|6|237|180|218|2|346|18|12|-1|0|-1|-1|-1|-1|243|-1|350|
5|4|9|5|8|4|0|9|0|9|9|9|8|2|5|5|237|279|-1|61|3|18|12|-1|335|-1|-1|-1|3|108|295|96|
5|2|5|5|8|4|2|2|4|9|9|4|0|6|5|8|259|42|66|324|3|18|248|121|263|-1|-1|15|318|491|1|2|
5|5|4|5|8|4|0|2|0|9|9|4|0|5|3|6|103|180|356|324|3|18|12|173|213|-1|-1|15|318|331|305|375|
5|5|5|8|8|4|7|9|5|0|9|9|5|1|7|0|237|180|218|2|3|18|107|-1|286|182|-1|-1|316|76|556|110|
5|5|0|3|8|4|0|9|1|9|9|6|5|3|5|4|103|258|19|286|3|18|12|-1|36|-1|-1|527|64|274|36|190|
5|5|2|3|1|4|4|9|9|9|9|9|9|7|7|8|237|258|360|86|352|18|230|-1|-1|-1|-1|-1|-1|281|800|0|
5|5|0|9|5|4|1|9|0|9|9|9|1|7|5|8|237|258|19|-1|320|18|56|-1|294|-1|-1|-1|189|281|167|2|
5|5|0|5|7|4|0|9|5|9|9|4|1|2|5|4|237|258|19|73|696|18|12|-1|250|-1|-1|72|189|108|36|190|
5|5|5|9|5|4|0|9|3|9|9|1|9|3|3|2|237|258|214|-1|320|167|12|-1|93|-1|-1|139|-1|243|305|233|
2|5|5|8|9|4|0|9|4|9|9|4|1|4|5|8|323|258|10|2|-1|18|12|-1|263|-1|-1|259|232|40|167|2|
4|5|2|5|3|4|0|9|8|4|0|4|8|7|5|2|123|258|360|61|324|18|12|-1|0|94|33|15|0|566|167|51|
0|5|2|5|3|4|6|9|8|4|0|1|5|3|5|2|70|258|360|61|324|18|758|-1|0|94|33|139|64|274|1|227|
5|0|0|5|1|4|0|7|1|9|9|4|8|3|7|3|217|72|95|20|114|18|12|746|132|-1|-1|15|0|274|74|271|
2|5|4|5|1|4|0|9|9|9|9|9|4|3|5|8|177|258|121|324|352|18|12|-1|-1|-1|-1|-1|41|243|167|2|
8|5|9|9|5|4|0|9|9|4|9|9|1|2|7|5|0|258|-1|-1|320|18|12|-1|-1|94|-1|-1|189|108|556|73|
1|5|5|0|9|4|4|9|1|9|9|9|0|7|5|9|64|258|218|147|-1|18|138|-1|296|-1|-1|-1|318|281|36|-1|
5|5|5|5|5|8|0|9|9|9|9|9|1|2|5|5|237|258|86|61|320|3|12|-1|-1|-1|-1|-1|189|132|1|224|
0|5|1|6|8|4|0|9|1|9|5|5|2|7|3|5|139|258|330|361|3|18|12|-1|296|-1|158|259|61|281|305|286|
5|5|5|5|5|7|9|9|8|4|0|9|4|3|5|9|237|258|218|324|320|609|-1|-1|0|94|141|-1|141|243|1|-1|
5|3|5|5|8|4|0|9|5|9|9|5|0|7|5|8|237|234|218|61|3|167|12|-1|345|-1|-1|259|233|566|167|2|
5|5|0|5|3|4|0|9|8|0|9|3|0|7|5|5|237|258|36|61|324|18|12|-1|0|71|-1|65|318|281|1|224|
5|5|5|5|8|3|0|9|9|9|9|9|8|3|9|8|237|258|86|61|3|81|12|-1|-1|-1|-1|-1|2|274|-1|2|
0|5|9|9|9|4|0|9|8|9|9|5|0|5|7|2|139|160|-1|-1|-1|18|12|-1|0|-1|-1|259|318|331|556|207|
5|0|8|4|8|2|3|9|9|4|9|4|1|7|5|5|237|126|3|19|3|165|91|-1|-1|94|-1|15|189|281|295|96|
5|5|0|7|5|4|1|9|0|8|9|4|9|7|5|7|103|258|19|98|320|18|56|-1|294|1|-1|15|-1|281|206|657|
5|0|8|5|8|4|0|9|0|9|5|9|1|7|7|5|237|126|3|61|3|18|12|-1|335|-1|47|-1|189|281|800|96|
5|5|1|5|8|4|0|9|1|9|5|5|0|8|5|9|237|258|330|324|3|18|12|-1|296|-1|158|259|318|1|1|-1|
5|7|4|5|8|4|0|9|8|8|9|5|0|6|5|8|103|479|356|324|3|18|12|-1|0|3|-1|259|322|491|1|2|
1|5|5|8|9|4|0|9|4|9|9|4|8|7|7|8|64|258|218|2|-1|18|12|-1|263|-1|-1|72|3|509|371|2|
5|5|5|5|8|4|0|9|9|9|9|9|4|2|7|5|217|258|218|324|3|18|12|-1|-1|-1|-1|-1|141|108|556|140|
5|0|0|5|1|4|0|9|9|9|9|9|4|3|3|5|237|72|95|324|114|18|12|-1|-1|-1|-1|-1|41|243|305|286|
5|5|0|5|8|4|0|9|9|9|9|4|3|5|7|3|237|258|36|29|3|18|12|-1|-1|-1|-1|121|196|127|74|271|
5|4|0|5|0|4|0|9|8|4|9|4|0|7|5|8|237|187|19|29|175|18|12|-1|0|94|-1|15|322|173|167|2|
5|5|5|5|8|4|0|9|9|4|9|4|1|1|3|5|237|258|218|324|3|18|12|-1|-1|94|-1|15|189|327|305|286|
5|5|0|5|8|4|0|9|9|9|7|5|1|0|7|6|237|258|19|324|3|167|12|-1|-1|-1|782|208|236|337|74|167|
