5|5|0|5|8|4|0|9|9|4|5|9|0|7|8|5|68|288|49|180|3|18|12|-1|-1|35|24|-1|75|761|3|224|
5|5|0|5|8|4|0|9|9|4|5|9|0|7|8|5|86|288|49|180|3|18|12|-1|-1|35|24|-1|75|761|3|224|
5|5|0|5|4|1|0|9|9|4|9|9|2|7|5|5|68|288|49|180|37|205|12|-1|-1|29|-1|-1|232|761|152|233|
9|6|9|5|8|4|0|4|9|9|9|9|8|7|0|5|-1|37|-1|180|3|18|12|125|-1|-1|-1|-1|0|606|340|10|
9|5|0|5|0|4|0|4|9|5|5|0|4|9|9|5|-1|288|8|180|53|18|12|18|-1|26|24|293|233|-1|-1|10|
5|5|9|5|5|4|8|9|9|4|9|9|1|7|6|5|193|288|-1|180|173|18|3|-1|-1|29|-1|-1|342|386|658|10|
5|5|5|5|8|4|0|9|0|4|9|9|9|7|5|5|39|258|218|180|3|201|12|-1|217|29|-1|-1|-1|675|212|10|
9|5|0|5|8|4|1|9|9|4|9|9|2|9|8|5|-1|258|49|180|3|5|12|-1|-1|29|-1|-1|25|-1|3|224|
9|5|9|5|8|5|0|0|9|8|9|9|9|7|0|5|-1|288|-1|154|3|20|86|53|-1|3|-1|-1|-1|606|57|10|
5|1|3|5|8|4|0|5|9|5|9|9|0|7|0|2|86|55|289|180|3|18|12|192|-1|26|-1|-1|75|675|273|330|
9|5|9|5|8|4|0|9|4|9|1|6|8|7|0|1|-1|258|-1|180|3|18|12|-1|254|-1|360|131|0|761|223|126|
9|2|3|5|8|4|0|5|9|9|9|9|9|7|5|5|-1|311|173|180|3|18|12|192|-1|-1|-1|-1|-1|675|212|10|
9|5|0|5|8|8|3|0|9|2|9|9|0|7|1|2|-1|288|49|180|3|2|45|53|-1|205|-1|-1|267|761|308|40|
5|5|5|0|8|4|0|5|9|9|9|9|0|7|6|5|193|288|218|87|3|247|12|208|-1|-1|-1|-1|267|675|658|10|
9|5|4|2|2|4|0|9|8|5|5|9|4|8|8|5|-1|258|37|275|22|247|12|-1|0|26|234|-1|352|1|3|224|
5|2|9|9|0|4|0|9|9|4|1|1|4|7|5|5|122|272|-1|-1|53|18|12|-1|-1|35|135|201|354|386|71|233|
5|5|6|5|8|4|0|9|9|4|9|9|6|7|2|2|86|288|705|180|3|247|12|-1|-1|29|-1|-1|794|675|242|190|
8|5|5|8|8|4|0|9|9|8|9|9|9|7|0|1|0|288|44|0|3|18|12|-1|-1|3|-1|-1|-1|761|223|68|
8|5|0|2|8|4|0|4|9|9|9|9|8|7|8|5|0|288|49|328|3|18|12|18|-1|-1|-1|-1|0|761|3|224|
5|5|5|9|4|4|0|9|9|5|9|7|7|7|1|3|68|288|218|-1|37|247|12|-1|-1|26|-1|62|27|761|308|170|
9|5|5|5|8|4|0|9|6|4|5|9|6|7|2|2|-1|258|218|180|3|18|12|-1|115|35|24|-1|794|675|242|190|
5|5|4|5|5|3|0|9|9|4|9|9|8|0|6|9|86|288|37|180|207|194|12|-1|-1|29|-1|-1|0|178|658|-1|
8|5|5|8|8|4|0|2|9|6|5|9|6|7|8|3|0|288|44|0|3|18|86|153|-1|696|12|-1|794|761|2|170|
5|5|9|5|0|4|8|9|9|5|9|9|8|9|1|2|122|288|-1|180|53|18|3|-1|-1|26|-1|-1|0|-1|308|40|
9|5|9|5|8|4|0|9|9|4|7|9|0|7|1|3|-1|258|-1|154|3|18|12|-1|-1|29|149|-1|267|675|308|191|
9|5|9|5|8|4|0|9|9|9|9|9|4|9|5|5|-1|288|-1|180|3|247|12|-1|-1|-1|-1|-1|233|-1|71|233|
5|5|9|5|0|6|0|4|9|5|9|9|8|7|0|1|86|258|-1|180|283|499|12|47|-1|26|-1|-1|0|761|223|68|
2|5|9|5|8|4|8|4|9|5|9|9|8|7|5|5|171|258|-1|180|3|18|1|18|-1|26|-1|-1|0|761|152|233|
5|5|4|9|8|4|0|5|9|8|9|9|9|7|4|5|86|258|329|-1|3|247|12|208|-1|3|-1|-1|-1|761|184|164|
9|5|9|5|3|5|0|6|9|9|9|9|6|7|0|1|-1|258|-1|180|141|20|12|465|-1|-1|-1|-1|126|675|223|68|
5|5|5|5|8|4|0|5|9|9|5|9|8|7|5|5|122|288|218|180|3|18|12|192|-1|-1|24|-1|0|675|212|10|
5|9|9|5|8|1|0|5|9|4|5|9|6|9|9|5|193|-1|-1|180|3|65|12|192|-1|29|24|-1|60|-1|-1|10|
5|5|9|7|8|4|3|9|9|9|9|9|2|9|3|5|193|258|-1|450|3|18|16|-1|-1|-1|-1|-1|25|-1|8|224|
5|5|5|8|8|4|0|9|9|9|1|1|0|7|5|5|86|288|218|1|3|18|12|-1|-1|-1|14|201|267|675|212|10|
9|5|8|5|8|4|0|0|9|4|9|9|6|7|8|1|-1|288|3|180|3|18|86|53|-1|29|-1|-1|794|761|3|354|
9|5|5|5|8|4|0|5|9|9|9|9|9|7|5|5|-1|288|218|180|3|18|12|192|-1|-1|-1|-1|-1|675|212|10|
9|5|5|3|8|4|0|5|9|4|5|9|0|7|9|5|-1|258|218|299|3|18|12|278|-1|35|24|-1|267|675|-1|10|
5|5|9|9|8|4|9|4|9|9|1|9|6|7|8|5|122|288|-1|-1|3|18|-1|18|-1|-1|241|-1|775|761|3|224|
9|1|9|5|8|4|8|9|9|8|9|9|2|7|6|5|-1|39|-1|180|3|18|1|-1|-1|3|-1|-1|80|386|658|10|
9|5|9|5|8|4|0|9|9|9|1|1|0|9|0|1|-1|288|-1|154|3|247|12|-1|-1|-1|135|201|267|-1|223|68|
9|5|5|5|8|4|4|9|9|4|5|9|9|7|1|3|-1|288|218|180|3|18|181|-1|-1|29|24|-1|-1|761|308|170|
5|5|4|5|0|4|0|9|2|0|9|9|0|7|8|5|86|288|288|180|53|201|12|-1|208|356|-1|-1|267|675|3|224|
5|5|9|5|8|4|4|9|5|4|9|9|0|7|8|5|86|288|-1|180|3|18|181|-1|114|29|-1|-1|75|761|3|224|
2|5|5|9|5|5|0|9|9|4|9|9|3|7|5|0|171|288|218|-1|250|140|12|-1|-1|29|-1|-1|188|675|212|68|
9|9|9|5|8|4|0|9|9|4|9|7|8|9|6|5|-1|-1|-1|180|3|291|12|-1|-1|29|-1|746|3|-1|658|10|
5|9|9|5|3|8|0|9|9|4|9|9|6|7|4|5|86|-1|-1|180|141|3|12|-1|-1|29|-1|-1|60|761|184|164|
8|5|9|5|8|4|0|9|9|4|9|9|6|8|3|5|2|288|-1|180|3|18|12|-1|-1|29|-1|-1|794|1|45|224|
5|9|9|5|3|4|0|5|9|4|9|9|4|7|2|2|193|-1|-1|180|141|247|12|208|-1|35|-1|-1|354|675|242|190|
8|5|0|1|8|5|0|5|9|5|5|9|0|7|0|1|0|288|49|239|3|20|12|192|-1|26|24|-1|267|761|223|68|
5|1|5|5|3|1|0|0|1|8|1|9|0|7|1|2|193|80|218|180|141|205|12|46|46|0|135|-1|267|118|308|40|
5|8|9|5|8|4|0|9|9|5|9|9|0|7|0|5|86|1|-1|180|3|32|12|-1|-1|26|-1|-1|267|675|221|278|
5|5|0|5|8|8|0|0|1|7|5|1|0|7|1|0|86|288|49|180|3|0|12|53|329|545|24|201|75|675|308|269|
5|5|5|5|4|1|0|9|9|9|9|9|2|7|5|5|86|258|218|180|37|205|12|-1|-1|-1|-1|-1|232|761|152|233|
8|2|3|2|8|4|0|3|9|6|5|9|0|3|8|5|0|272|33|95|1|18|12|318|-1|580|24|-1|12|209|3|224|
9|9|9|5|8|4|0|0|9|4|9|7|2|9|8|5|-1|-1|-1|180|3|18|12|46|-1|29|-1|62|25|-1|3|224|
8|5|9|5|8|4|0|9|9|9|9|9|4|7|0|5|2|288|-1|180|3|18|12|-1|-1|-1|-1|-1|323|606|57|10|
8|5|5|5|8|8|4|5|1|4|9|9|2|7|0|1|2|288|218|180|3|3|116|208|261|29|-1|-1|32|761|223|126|
5|5|9|5|8|4|0|9|9|4|9|9|4|9|6|5|86|258|-1|180|3|247|12|-1|-1|29|-1|-1|233|-1|658|10|
5|5|5|9|8|4|0|9|9|4|9|9|4|7|5|5|86|288|44|-1|3|18|12|-1|-1|29|-1|-1|354|386|71|233|
9|1|9|0|8|6|4|9|9|4|7|9|6|7|0|1|-1|39|-1|284|3|345|305|-1|-1|29|53|-1|126|675|223|68|
5|5|0|5|8|8|0|0|9|2|9|9|0|7|5|5|122|288|49|180|3|2|86|53|-1|205|-1|-1|267|118|212|10|
3|5|5|5|8|4|4|9|9|8|9|9|0|7|2|2|235|288|218|180|3|18|181|-1|-1|3|-1|-1|187|675|242|190|
5|5|4|5|8|8|0|9|9|4|5|9|9|7|5|5|86|288|37|180|3|3|12|-1|-1|29|24|-1|-1|675|212|10|
5|6|9|5|3|4|8|9|9|4|9|9|6|7|0|1|86|492|-1|180|141|238|3|-1|-1|29|-1|-1|60|761|223|126|
8|5|9|5|8|4|0|9|9|4|9|9|6|7|2|2|2|288|-1|180|3|18|12|-1|-1|29|-1|-1|794|675|242|190|
2|5|9|5|8|4|0|9|9|4|5|9|0|8|1|2|171|258|-1|180|3|18|12|-1|-1|29|24|-1|267|2|308|40|
5|9|4|5|2|4|8|4|9|5|9|9|6|7|4|5|193|-1|37|180|22|18|1|18|-1|26|-1|-1|60|761|184|164|
2|5|0|5|8|5|0|9|9|3|1|7|8|7|1|3|171|288|49|180|3|20|12|-1|-1|46|135|62|0|118|308|170|
5|1|9|5|8|4|8|4|9|5|9|9|8|7|2|2|86|39|-1|180|3|18|1|18|-1|26|-1|-1|0|675|242|190|
5|3|5|9|8|4|0|9|9|4|9|9|2|7|1|3|86|288|218|-1|3|247|12|-1|-1|29|-1|-1|232|675|308|170|
2|5|5|5|2|4|0|1|5|7|6|9|0|7|5|5|171|288|68|180|22|247|12|76|40|397|143|-1|267|761|152|233|
5|5|1|2|8|5|1|0|5|4|5|9|0|9|6|4|193|258|116|279|3|20|322|46|255|29|24|-1|267|-1|658|22|
9|5|9|5|7|5|0|9|9|8|9|9|9|7|6|8|-1|288|-1|180|750|140|12|-1|-1|3|-1|-1|-1|761|590|0|
5|5|9|5|3|4|0|4|9|5|9|7|7|5|1|3|86|258|-1|180|288|18|12|18|-1|26|-1|62|27|27|308|191|
0|5|9|5|0|8|0|8|9|4|5|9|0|7|1|2|162|288|-1|180|53|3|12|0|-1|35|24|-1|267|761|308|40|
8|5|5|8|8|4|0|9|9|4|1|9|0|7|6|4|0|288|44|0|3|18|12|-1|-1|29|135|-1|75|761|658|167|
8|5|9|5|8|4|3|6|9|4|9|8|0|7|8|5|2|288|-1|180|3|18|289|551|-1|29|-1|1|267|675|3|224|
5|5|6|5|3|4|0|9|9|6|9|9|0|7|6|2|122|288|480|180|141|32|12|-1|-1|633|-1|-1|267|675|682|190|
9|5|9|5|8|5|0|9|9|4|9|9|0|7|8|4|-1|258|-1|180|3|24|12|-1|-1|29|-1|-1|267|761|3|333|
5|1|5|5|5|4|0|0|9|4|9|9|3|7|1|0|193|55|218|180|173|18|12|46|-1|29|-1|-1|207|675|308|269|
9|5|9|2|8|4|0|0|9|9|9|9|3|5|1|3|-1|288|-1|138|3|18|12|46|-1|-1|-1|-1|188|27|308|170|
5|5|5|5|7|5|0|1|9|5|9|9|9|8|1|2|86|288|81|180|750|140|12|211|-1|26|-1|-1|-1|2|308|40|
5|5|0|9|2|4|0|5|9|9|9|9|4|7|5|5|86|288|29|-1|22|18|12|208|-1|-1|-1|-1|323|675|212|10|
9|9|9|5|8|4|6|9|9|4|7|9|8|7|0|1|-1|-1|-1|180|3|18|299|-1|-1|29|215|-1|0|761|223|68|
2|5|9|5|5|4|0|0|2|5|9|9|9|7|3|2|171|258|-1|180|173|18|12|46|261|26|-1|-1|-1|761|258|40|
5|5|0|5|4|5|0|1|9|4|9|1|0|7|1|3|86|288|49|180|106|20|12|182|-1|29|-1|201|267|675|308|170|
5|5|9|5|8|4|4|0|9|4|9|9|0|7|0|5|122|288|-1|180|1|18|19|46|-1|29|-1|-1|75|675|57|10|
8|2|5|5|8|4|0|9|9|4|9|8|3|7|1|0|0|272|218|180|3|18|12|-1|-1|29|-1|1|207|761|308|269|
9|5|3|5|3|4|0|9|9|4|9|9|2|9|8|5|-1|258|271|180|141|32|12|-1|-1|29|-1|-1|25|-1|3|224|
5|5|8|5|8|4|0|1|9|4|9|4|8|0|5|5|122|288|1|180|0|18|12|21|-1|35|-1|76|0|178|212|10|
9|5|5|5|5|5|0|3|4|4|9|7|0|7|5|5|-1|288|68|180|250|140|12|318|201|29|-1|62|267|675|212|10|
5|5|9|5|5|4|0|9|9|4|9|7|8|7|8|5|193|258|-1|180|208|18|12|-1|-1|29|-1|746|3|761|3|224|
5|5|4|5|0|4|0|5|9|4|1|9|2|9|5|9|86|288|288|180|53|201|12|192|-1|29|135|-1|25|-1|212|-1|
5|5|0|5|4|1|0|9|9|4|5|9|0|7|8|5|86|288|49|180|37|205|12|-1|-1|35|24|-1|75|761|3|224|
5|5|0|5|8|4|0|9|9|4|9|9|2|7|5|5|68|288|49|180|3|18|12|-1|-1|29|-1|-1|232|761|152|233|
9|6|9|5|8|4|0|4|9|9|9|9|8|7|0|5|-1|37|-1|180|3|18|12|125|-1|-1|-1|-1|0|606|340|10|
9|5|0|5|0|4|0|4|9|5|5|0|4|9|9|5|-1|288|8|180|53|18|12|18|-1|26|24|293|233|-1|-1|10|
5|5|9|5|5|4|0|9|0|4|9|9|1|7|6|5|193|288|-1|180|173|18|12|-1|217|29|-1|-1|342|386|658|10|
5|5|5|5|8|4|8|9|9|4|9|9|9|7|5|5|39|258|218|180|3|201|3|-1|-1|29|-1|-1|-1|675|212|10|
9|5|9|5|8|5|0|0|9|8|9|9|2|9|8|5|-1|258|-1|154|3|20|86|53|-1|3|-1|-1|25|-1|3|224|
