5|5|5|5|8|9|0|9|5|9|9|9|6|3|3|2|332|303|234|193|3|-1|12|-1|34|-1|-1|-1|103|246|123|318|
4|5|5|9|9|3|1|5|5|9|9|9|0|3|3|2|199|303|166|-1|-1|140|39|101|34|-1|-1|-1|231|246|123|318|
5|5|5|5|8|9|0|9|5|9|9|9|6|5|8|6|332|303|234|193|3|-1|12|-1|34|-1|-1|-1|103|109|1|672|
3|5|0|4|3|5|0|9|5|9|9|9|6|9|8|7|135|303|206|254|273|308|12|-1|34|-1|-1|-1|103|-1|1|311|
5|9|5|9|8|9|0|9|5|9|9|9|8|2|8|3|332|-1|166|-1|3|-1|12|-1|34|-1|-1|-1|1|125|1|247|
9|5|5|9|5|9|0|0|5|9|9|9|6|9|8|9|-1|303|166|-1|28|-1|12|94|34|-1|-1|-1|103|-1|2|-1|
5|4|5|9|8|0|1|4|9|9|9|9|7|1|8|8|237|207|166|-1|3|72|39|96|-1|-1|-1|-1|433|68|1|0|
5|5|5|9|5|9|0|5|9|9|9|9|8|4|8|7|158|303|166|-1|28|-1|12|101|-1|-1|-1|-1|3|8|1|311|
5|5|5|9|8|9|0|0|5|9|9|9|0|2|8|7|237|303|246|-1|3|-1|12|94|34|-1|-1|-1|231|125|1|311|
5|5|7|9|8|9|0|9|5|9|9|9|8|2|3|3|237|303|570|-1|3|-1|12|-1|62|-1|-1|-1|1|125|123|267|
5|5|5|5|8|1|3|9|5|9|6|9|7|2|8|7|332|303|246|324|3|360|23|-1|34|-1|493|-1|469|125|1|509|
7|5|5|9|5|9|0|5|5|9|0|9|6|5|4|7|103|303|166|-1|28|-1|12|180|34|-1|170|-1|103|350|315|311|
5|5|5|9|8|9|0|4|9|9|9|9|6|2|0|8|237|303|166|-1|3|-1|12|189|-1|-1|-1|-1|103|72|271|0|
5|5|5|9|9|9|0|0|8|9|9|9|0|2|8|7|332|303|246|-1|-1|-1|12|97|1|-1|-1|-1|231|125|1|311|
5|5|5|9|8|9|0|9|9|9|9|9|3|3|8|7|237|303|166|-1|3|-1|12|-1|-1|-1|-1|-1|340|105|1|311|
5|5|5|9|8|9|0|9|5|9|9|5|6|9|3|3|158|303|166|-1|3|-1|12|-1|34|-1|-1|309|103|-1|123|267|
5|5|2|1|9|9|0|5|1|9|2|9|7|9|8|7|332|303|8|161|-1|-1|12|62|151|-1|165|-1|597|-1|1|311|
5|5|5|9|1|9|0|9|9|9|9|9|8|2|0|8|237|303|246|-1|185|-1|12|-1|-1|-1|-1|-1|1|125|271|0|
4|0|5|9|8|5|0|9|5|9|9|9|8|9|8|7|179|343|246|-1|3|308|12|-1|34|-1|-1|-1|1|-1|1|311|
1|5|7|5|8|5|2|9|5|4|9|9|9|1|8|7|350|96|306|350|3|308|322|-1|34|144|-1|-1|-1|68|1|311|
8|5|5|4|8|9|0|7|9|2|4|2|4|3|8|7|3|96|166|254|3|-1|12|26|-1|65|46|206|256|217|1|311|
6|5|5|0|1|9|0|9|9|1|4|9|2|9|7|2|4|303|166|150|98|-1|12|-1|-1|246|46|-1|280|-1|353|217|
8|5|5|9|8|9|0|9|5|9|1|9|5|2|8|7|3|303|246|-1|3|-1|12|-1|34|-1|244|-1|320|72|1|311|
5|5|5|9|8|5|1|9|5|9|9|9|0|2|8|2|332|303|166|-1|3|308|39|-1|34|-1|-1|-1|81|125|1|131|
5|5|5|9|8|9|3|9|9|9|9|9|0|2|0|8|332|303|166|-1|3|-1|23|-1|-1|-1|-1|-1|231|72|271|0|
1|5|5|9|8|9|0|0|5|9|9|0|6|2|8|4|352|303|166|-1|3|-1|12|94|34|-1|-1|269|103|125|1|116|
5|5|5|4|8|9|0|5|5|9|8|0|0|2|3|3|237|303|246|254|3|-1|187|261|34|-1|0|254|184|125|123|267|
5|5|5|9|8|9|0|9|1|9|9|3|0|1|0|5|237|303|246|-1|3|-1|12|-1|39|-1|-1|25|184|276|31|318|
5|9|9|9|8|5|8|7|0|4|9|9|8|2|8|7|332|-1|-1|-1|3|308|1|238|298|144|-1|-1|1|125|1|311|
8|5|5|4|8|1|0|4|9|9|9|9|6|5|4|7|3|96|246|136|3|360|12|189|-1|-1|-1|-1|103|350|315|311|
5|5|5|5|8|9|0|9|9|9|8|0|0|9|8|7|332|303|246|324|3|-1|12|-1|-1|-1|0|254|184|-1|1|311|
5|5|5|9|5|9|0|5|9|7|4|9|7|9|5|2|332|303|166|-1|28|-1|12|261|-1|689|46|-1|706|-1|324|318|
4|5|9|9|8|0|0|0|5|9|9|9|8|9|8|7|179|303|-1|-1|3|72|12|94|34|-1|-1|-1|1|-1|1|311|
5|5|5|9|9|5|1|9|9|9|9|9|6|6|8|2|332|116|246|-1|-1|179|39|-1|-1|-1|-1|-1|103|3|2|217|
4|0|9|9|8|9|3|9|5|9|9|9|6|3|8|2|179|343|-1|-1|3|-1|37|-1|34|-1|-1|-1|103|217|2|104|
5|5|5|9|9|9|0|9|9|7|9|9|3|6|8|7|237|303|166|-1|-1|-1|12|-1|-1|321|-1|-1|340|212|1|311|
5|4|3|9|8|9|0|7|5|9|9|9|8|2|8|7|332|22|282|-1|3|-1|12|26|62|-1|-1|-1|1|125|1|311|
5|0|9|9|8|9|0|9|9|1|0|9|6|1|8|7|237|326|-1|-1|3|-1|12|-1|-1|292|80|-1|103|68|1|311|
5|4|5|0|2|9|0|4|4|9|9|9|6|1|8|5|332|147|166|150|24|-1|12|330|178|-1|-1|-1|103|68|1|163|
2|9|5|9|0|5|0|9|5|0|9|1|5|0|0|5|120|-1|246|-1|322|308|12|-1|34|120|-1|286|309|310|31|318|
5|5|8|9|8|9|9|9|5|9|4|1|6|9|8|2|332|96|3|-1|3|-1|-1|-1|34|-1|46|55|103|-1|2|217|
5|5|9|9|8|9|4|2|5|9|9|9|8|1|8|5|332|303|-1|-1|3|-1|260|48|34|-1|-1|-1|1|68|1|163|
0|5|8|1|8|0|0|0|6|9|9|9|2|2|3|3|30|303|3|210|3|72|12|97|147|-1|-1|-1|338|125|123|267|
5|5|9|5|8|3|0|9|5|4|9|9|0|3|8|5|237|303|-1|193|3|140|12|-1|34|144|-1|-1|231|246|1|163|
4|5|5|9|8|4|0|9|9|9|9|9|5|6|8|2|179|303|166|-1|3|118|12|-1|-1|-1|-1|-1|309|755|2|217|
5|5|5|9|9|9|0|5|5|9|4|9|8|9|8|9|237|303|246|-1|-1|-1|187|261|34|-1|157|-1|1|-1|2|-1|
1|5|5|9|8|9|0|7|5|9|9|9|3|2|3|3|352|303|246|-1|3|-1|12|26|62|-1|-1|-1|353|125|123|267|
3|5|5|0|8|9|0|0|5|2|9|9|6|9|8|8|135|303|166|150|3|-1|12|94|34|218|-1|-1|103|-1|1|2|
5|5|0|4|1|6|0|9|9|9|9|9|2|9|8|7|237|96|206|254|98|293|12|-1|-1|-1|-1|-1|280|-1|1|311|
5|5|5|9|5|9|0|9|9|9|9|3|5|1|8|8|158|303|166|-1|28|-1|12|-1|-1|-1|-1|137|309|233|1|2|
5|5|5|9|8|9|0|5|5|6|9|9|0|3|8|7|332|303|246|-1|3|-1|12|101|34|182|-1|-1|231|246|1|311|
6|5|5|9|5|9|0|9|9|9|9|7|2|9|8|2|683|303|349|-1|117|-1|12|-1|-1|-1|-1|635|342|-1|2|104|
8|5|0|4|8|9|0|9|1|9|3|1|6|5|8|3|3|303|206|254|3|-1|12|-1|75|-1|261|55|506|3|1|247|
5|5|5|9|0|9|0|9|5|9|4|8|0|4|8|7|237|116|246|-1|86|-1|12|-1|34|-1|63|1|231|348|1|311|
1|5|5|9|8|5|0|9|5|9|9|9|3|9|1|5|352|303|166|-1|3|308|12|-1|34|-1|-1|-1|340|-1|57|163|
5|5|5|6|8|0|0|0|5|9|9|9|8|9|1|7|332|96|166|246|3|72|12|94|34|-1|-1|-1|1|-1|176|569|
5|5|5|2|8|5|0|0|5|9|9|9|6|9|8|7|332|303|246|44|3|145|12|97|62|-1|-1|-1|103|-1|1|311|
2|5|5|5|8|0|0|9|5|3|9|9|5|9|8|2|120|303|234|193|3|100|12|-1|34|137|-1|-1|309|-1|1|131|
5|5|5|1|8|9|1|9|5|9|9|9|3|8|0|8|332|303|166|189|3|-1|300|-1|34|-1|-1|-1|353|0|271|0|
5|5|5|9|8|9|0|4|9|9|9|9|6|5|4|7|332|303|166|-1|3|-1|12|189|-1|-1|-1|-1|103|350|315|311|
5|5|5|9|8|9|0|9|5|9|9|9|6|9|8|7|237|303|166|-1|3|-1|12|-1|34|-1|-1|-1|103|-1|1|311|
5|5|5|9|8|9|0|9|9|4|9|9|5|7|8|5|332|96|166|-1|3|-1|12|-1|-1|144|-1|-1|309|776|1|163|
9|0|3|6|8|9|1|7|9|4|9|9|2|1|8|7|-1|249|282|404|3|-1|39|26|-1|144|-1|-1|338|68|1|311|
5|5|5|5|8|5|0|9|5|9|8|0|0|9|8|7|332|303|246|324|3|308|12|-1|34|-1|0|254|184|-1|1|311|
1|5|5|9|8|5|0|0|3|9|9|9|0|9|8|2|352|303|48|-1|3|308|12|94|108|-1|-1|-1|231|-1|2|217|
5|5|5|9|8|9|0|5|1|9|2|9|7|8|0|8|237|96|166|-1|3|-1|12|62|151|-1|165|-1|597|0|271|0|
5|5|8|9|8|9|0|0|5|9|9|9|8|2|8|2|332|303|2|-1|3|-1|12|94|34|-1|-1|-1|1|125|2|217|
8|5|8|4|8|0|0|9|9|9|9|9|8|9|8|7|2|303|3|254|3|72|12|-1|-1|-1|-1|-1|3|-1|1|311|
5|5|5|9|8|9|0|5|9|9|9|9|6|9|8|7|237|303|246|-1|3|-1|12|101|-1|-1|-1|-1|103|-1|1|311|
0|5|5|5|5|9|5|2|2|9|9|9|0|9|8|2|239|303|246|324|28|-1|56|142|291|-1|-1|-1|231|-1|2|217|
5|8|9|9|3|5|5|9|9|9|9|9|8|2|2|2|332|1|-1|-1|206|347|56|-1|-1|-1|-1|-1|1|125|170|318|
4|3|1|9|9|1|3|4|9|9|9|9|6|3|6|2|179|65|261|-1|-1|360|23|189|-1|-1|-1|-1|103|217|324|217|
5|5|5|9|7|8|5|0|5|9|2|9|3|9|8|7|237|303|234|-1|208|2|310|94|34|-1|161|-1|353|-1|1|311|
0|5|5|5|0|9|5|2|2|9|9|9|6|0|6|5|239|303|246|324|78|-1|56|142|291|-1|-1|-1|103|310|443|338|
4|0|5|6|9|9|0|9|0|3|9|9|2|9|1|5|179|343|246|161|-1|-1|12|-1|90|238|-1|-1|280|-1|57|163|
5|5|5|3|8|0|0|0|1|9|9|9|6|9|3|2|332|303|246|197|3|72|12|94|161|-1|-1|-1|103|-1|123|318|
5|5|5|4|0|5|0|9|5|9|9|9|6|3|0|8|237|303|246|254|322|308|12|-1|34|-1|-1|-1|103|144|271|0|
5|5|5|4|0|5|0|0|9|5|9|9|6|2|8|2|332|303|246|254|176|347|12|94|-1|234|-1|-1|103|112|2|104|
5|5|5|6|0|5|0|0|5|9|7|3|0|4|8|7|237|303|166|388|322|308|12|94|34|-1|64|297|46|191|1|311|
5|5|0|3|3|9|7|7|5|9|9|9|6|3|8|7|237|303|206|197|138|-1|205|26|62|-1|-1|-1|103|246|1|311|
5|9|5|9|8|5|0|9|9|9|9|9|3|9|0|8|332|-1|166|-1|3|308|12|-1|-1|-1|-1|-1|340|-1|271|0|
0|5|5|5|5|9|2|7|5|9|9|9|3|9|8|7|239|303|246|324|28|-1|102|26|62|-1|-1|-1|353|-1|1|311|
3|9|5|9|8|5|5|2|2|9|9|9|8|9|2|2|135|-1|166|-1|3|308|56|142|291|-1|-1|-1|1|-1|170|318|
5|5|6|4|8|5|1|5|5|9|9|9|6|5|2|2|332|303|287|254|3|308|39|101|34|-1|-1|-1|103|350|170|318|
5|4|5|3|0|9|2|9|5|9|9|9|8|2|3|3|237|207|246|197|146|-1|82|-1|34|-1|-1|-1|1|125|123|267|
5|5|5|6|8|9|0|0|5|9|9|9|6|2|0|8|332|303|166|246|3|-1|12|94|34|-1|-1|-1|103|72|271|0|
4|5|5|6|4|9|0|9|9|9|9|9|0|9|8|6|179|303|246|512|340|-1|12|-1|-1|-1|-1|-1|66|-1|1|672|
5|5|5|5|8|1|1|9|9|9|9|9|0|1|8|2|332|303|246|324|3|325|39|-1|-1|-1|-1|-1|231|61|2|104|
5|5|3|9|8|0|0|9|5|9|9|9|6|9|3|2|237|303|282|-1|3|222|12|-1|34|-1|-1|-1|103|-1|123|318|
4|5|5|4|8|9|0|9|5|9|9|9|2|3|8|7|299|303|166|271|3|-1|12|-1|34|-1|-1|-1|280|246|1|311|
5|5|5|9|8|9|0|0|9|9|9|2|5|1|8|1|332|96|166|-1|3|-1|12|94|-1|-1|-1|296|309|68|1|159|
4|5|5|9|9|3|1|5|5|9|9|9|0|3|3|2|199|303|166|-1|-1|140|39|101|34|-1|-1|-1|231|246|123|318|
5|5|5|5|8|9|0|9|5|9|9|9|6|5|8|6|332|303|234|193|3|-1|12|-1|34|-1|-1|-1|103|109|1|672|
3|5|0|4|3|9|0|9|5|9|9|9|8|2|8|7|135|303|206|254|273|-1|12|-1|34|-1|-1|-1|1|125|1|311|
5|9|5|9|8|9|0|9|5|9|9|9|6|9|8|3|332|-1|166|-1|3|-1|12|-1|34|-1|-1|-1|103|-1|1|247|
9|5|5|9|5|0|1|4|9|9|9|9|7|1|8|9|-1|303|166|-1|28|72|39|96|-1|-1|-1|-1|433|68|2|-1|
5|4|5|9|8|9|0|0|5|9|1|9|9|9|8|8|237|207|166|-1|3|-1|12|94|34|-1|155|-1|-1|-1|1|0|
5|5|5|9|8|9|0|5|9|9|9|9|8|4|8|7|158|303|246|-1|3|-1|12|101|-1|-1|-1|-1|3|8|1|311|
5|5|5|9|5|9|0|0|5|9|9|9|0|2|8|7|237|303|166|-1|28|-1|12|94|34|-1|-1|-1|231|125|1|311|
5|5|7|9|8|9|0|9|5|9|9|9|8|2|3|3|237|303|570|-1|3|-1|12|-1|62|-1|-1|-1|1|125|123|267|
