9|5|5|5|8|9|0|9|9|9|9|9|3|3|1|4|-1|303|166|162|3|-1|12|-1|-1|-1|-1|-1|231|225|346|194|
5|4|4|6|2|0|0|9|0|9|9|9|3|3|1|4|237|189|32|4|360|43|12|-1|142|-1|-1|-1|231|225|346|194|
9|5|5|5|8|9|0|9|9|9|9|9|3|5|5|8|-1|303|166|162|3|-1|12|-1|-1|-1|-1|-1|231|225|311|3|
5|2|7|9|8|9|0|5|5|8|9|9|6|5|5|7|237|61|212|-1|3|-1|12|261|2|2|-1|-1|514|246|311|352|
9|0|1|9|8|9|0|9|9|4|9|7|0|3|8|3|-1|261|117|-1|3|-1|12|-1|-1|312|-1|663|275|141|2|153|
8|5|5|9|0|9|1|8|1|9|9|9|5|5|1|6|0|96|166|-1|19|-1|76|2|128|-1|-1|-1|208|246|346|82|
9|5|5|9|8|9|0|0|4|9|9|9|3|0|1|6|-1|303|166|-1|3|-1|12|82|6|-1|-1|-1|307|188|346|82|
5|5|9|9|8|9|0|5|4|9|9|5|7|0|8|8|237|104|-1|-1|3|-1|12|261|45|-1|-1|43|568|93|2|0|
5|5|5|9|0|9|0|9|9|9|9|9|3|5|5|8|237|104|166|-1|300|-1|12|-1|-1|-1|-1|-1|231|225|311|2|
5|5|9|9|1|4|0|9|9|9|9|9|9|0|5|8|237|104|-1|-1|98|47|12|-1|-1|-1|-1|-1|-1|188|311|2|
5|5|9|9|8|9|2|9|5|9|9|9|8|7|2|8|237|96|-1|-1|3|-1|74|-1|2|-1|-1|-1|3|561|284|0|
8|0|1|9|2|0|0|9|4|9|9|5|1|9|1|4|0|261|117|-1|360|43|12|-1|45|-1|-1|43|260|-1|346|194|
9|5|1|9|8|1|8|5|9|9|9|9|9|3|8|9|-1|303|257|-1|3|80|1|261|-1|-1|-1|-1|-1|225|1|-1|
5|5|1|5|4|2|6|9|9|9|9|9|0|1|1|9|237|20|117|162|96|97|500|-1|-1|-1|-1|-1|311|68|346|-1|
6|5|4|1|8|9|0|4|9|2|9|9|6|0|1|9|232|96|36|314|3|-1|12|136|-1|142|-1|-1|514|114|346|-1|
2|5|1|9|8|9|1|8|9|9|1|9|9|0|5|7|242|104|117|-1|3|-1|76|2|-1|-1|194|-1|-1|188|311|352|
5|5|5|4|8|9|0|9|9|4|9|5|7|9|8|9|210|104|166|254|3|-1|12|-1|-1|312|-1|43|102|-1|1|-1|
5|3|5|5|8|4|0|5|5|0|9|9|0|9|8|4|210|342|166|162|3|47|12|261|2|68|-1|-1|311|-1|1|63|
5|5|1|9|1|9|0|9|5|9|0|4|3|2|0|9|237|104|257|-1|346|-1|12|-1|2|-1|341|195|46|84|77|-1|
5|5|1|9|1|7|0|8|9|1|8|6|6|2|2|8|237|96|257|-1|98|488|12|2|-1|194|1|66|514|91|284|0|
5|5|1|5|8|9|4|5|4|9|9|5|7|3|1|4|237|104|117|199|3|-1|98|261|45|-1|-1|43|67|225|346|194|
5|5|9|9|1|9|0|1|9|9|8|9|8|1|5|8|210|104|-1|-1|98|-1|12|69|-1|-1|0|-1|3|68|311|2|
5|5|1|5|8|9|0|9|4|9|8|9|8|1|5|8|237|104|117|199|3|-1|12|-1|45|-1|2|-1|3|68|311|2|
9|5|5|9|8|8|0|9|5|9|5|2|3|4|2|8|-1|104|166|-1|3|2|12|-1|123|-1|316|213|307|111|284|0|
5|5|9|9|8|9|0|5|9|9|9|9|3|0|1|6|237|104|-1|-1|3|-1|12|261|-1|-1|-1|-1|231|339|346|82|
5|9|5|9|8|4|0|4|5|9|1|8|3|2|2|8|237|-1|166|-1|3|47|12|158|2|-1|117|1|307|290|284|0|
5|9|5|9|8|9|2|9|5|9|9|9|0|0|3|0|237|-1|166|-1|3|-1|68|-1|2|-1|-1|-1|311|114|230|205|
0|6|1|9|8|2|3|9|9|0|9|9|3|7|7|4|97|396|117|-1|3|97|227|-1|-1|56|-1|-1|307|63|732|287|
5|8|9|9|8|4|0|9|4|9|9|9|8|7|2|8|237|3|-1|-1|3|47|12|-1|45|-1|-1|-1|3|561|284|0|
3|5|1|9|8|1|8|5|9|1|8|6|7|3|1|4|139|303|257|-1|3|80|1|261|-1|194|1|46|67|225|346|194|
1|8|1|9|8|1|8|4|9|9|9|9|3|5|5|8|1|0|257|-1|3|80|1|99|-1|-1|-1|-1|231|225|311|2|
0|9|4|4|8|8|0|9|4|0|9|9|0|7|0|9|97|-1|32|226|3|2|12|-1|6|56|-1|-1|311|63|77|-1|
8|5|4|9|8|9|2|9|9|1|6|5|6|1|2|8|0|303|106|-1|3|-1|319|-1|-1|194|542|43|514|68|284|2|
5|1|7|9|8|9|0|9|5|1|9|3|6|0|9|8|237|190|26|-1|3|-1|12|-1|2|194|-1|213|514|275|-1|0|
5|5|5|9|8|1|8|5|9|9|9|6|1|3|8|3|237|104|166|-1|3|80|1|261|-1|-1|-1|159|260|225|2|153|
9|6|1|9|8|9|0|5|9|9|9|9|3|9|8|9|-1|316|257|-1|3|-1|12|261|-1|-1|-1|-1|307|-1|1|-1|
6|5|4|5|8|8|0|9|7|9|9|5|1|0|2|5|232|96|36|199|3|2|12|-1|57|-1|-1|43|260|188|284|225|
3|5|9|5|4|8|0|9|5|1|9|3|6|3|8|3|139|104|-1|181|314|2|12|-1|2|194|-1|213|514|225|2|153|
5|1|7|9|8|9|0|4|9|1|9|3|0|3|1|7|237|190|26|-1|3|-1|12|206|-1|194|-1|171|275|141|346|21|
3|5|1|5|8|9|0|9|9|9|9|9|9|1|1|4|139|104|257|162|3|-1|12|-1|-1|-1|-1|-1|-1|240|346|194|
5|5|5|5|8|9|0|9|9|9|9|5|1|1|5|8|237|303|166|162|3|-1|12|-1|-1|-1|-1|143|260|68|311|2|
9|5|1|1|8|9|0|8|5|9|9|9|3|5|3|0|-1|96|117|314|3|-1|12|1|2|-1|-1|-1|231|225|230|205|
5|9|2|2|8|0|0|0|9|9|5|9|4|5|5|8|237|-1|31|216|3|43|12|82|-1|-1|153|-1|299|225|311|2|
5|5|4|2|3|9|0|9|9|0|9|9|0|7|8|3|237|104|32|171|339|-1|12|-1|-1|56|-1|-1|311|63|2|153|
5|5|1|9|8|9|0|9|9|9|9|4|6|3|0|9|210|303|117|-1|3|-1|12|-1|-1|-1|-1|160|514|141|77|-1|
3|5|1|9|2|9|0|9|5|9|1|9|9|3|1|4|328|303|117|-1|360|-1|12|-1|2|-1|359|-1|-1|225|346|194|
5|5|4|5|4|2|6|5|9|9|1|5|8|7|1|9|237|104|32|162|96|97|500|261|-1|-1|117|43|3|561|346|-1|
5|1|1|2|4|9|0|5|5|9|9|6|7|2|2|1|237|323|257|171|96|-1|12|261|2|-1|-1|159|67|84|284|240|
9|5|1|1|8|9|0|4|5|1|9|5|8|3|2|8|-1|96|117|314|3|-1|12|206|2|194|-1|143|3|217|284|0|
5|5|5|9|2|0|0|9|4|9|9|5|0|5|2|8|237|104|165|-1|360|43|12|-1|223|-1|-1|43|311|55|284|0|
5|9|5|9|8|9|0|9|4|9|4|5|9|5|7|4|237|-1|166|-1|3|-1|12|-1|45|-1|334|43|-1|225|732|287|
1|2|4|6|1|5|0|5|4|9|9|8|1|0|2|8|27|83|32|97|98|9|12|162|223|-1|-1|2|260|115|284|0|
9|5|1|5|4|5|0|9|9|9|9|9|2|3|1|1|-1|104|117|199|96|196|12|-1|-1|-1|-1|-1|287|217|346|295|
5|4|4|9|7|9|8|7|9|9|6|5|8|7|1|4|237|189|32|-1|81|-1|2|520|-1|-1|426|43|3|561|346|194|
9|1|5|9|2|0|0|5|9|9|9|9|3|5|5|8|-1|8|166|-1|360|43|12|261|-1|-1|-1|-1|231|225|311|2|
8|3|4|9|8|4|0|5|9|9|9|9|7|3|1|2|0|165|25|-1|3|47|12|261|-1|-1|-1|-1|800|225|346|101|
9|5|1|9|8|1|8|5|5|0|9|9|3|7|7|4|-1|303|257|-1|3|80|1|261|2|68|-1|-1|307|63|732|287|
9|5|9|9|1|9|2|9|4|9|9|8|3|0|1|9|-1|104|-1|-1|98|-1|74|-1|45|-1|-1|2|307|188|346|-1|
9|5|9|9|8|8|0|9|9|9|1|9|5|2|2|1|-1|104|-1|-1|3|2|12|-1|-1|-1|224|-1|360|84|284|240|
9|5|5|9|8|8|0|9|4|6|9|9|9|3|1|4|-1|303|166|-1|3|2|12|-1|45|721|-1|-1|-1|225|346|194|
5|8|9|9|8|4|6|9|5|9|9|9|0|2|1|6|237|3|-1|-1|3|47|561|-1|2|-1|-1|-1|311|140|346|82|
3|5|5|5|8|9|5|9|4|9|9|9|3|3|1|0|328|303|166|162|3|-1|160|-1|45|-1|-1|-1|231|217|346|179|
8|5|6|9|0|9|0|5|9|9|9|9|8|7|2|8|0|303|679|-1|7|-1|12|261|-1|-1|-1|-1|3|561|284|0|
3|5|1|2|4|3|8|1|9|1|9|5|7|0|8|8|328|104|117|171|96|263|2|69|-1|194|-1|43|568|93|2|0|
5|5|5|5|8|9|0|9|9|9|9|9|3|7|7|4|237|303|166|162|3|-1|12|-1|-1|-1|-1|-1|307|63|732|287|
3|8|1|3|8|9|0|9|4|9|9|9|3|3|2|8|139|0|117|65|3|-1|12|-1|223|-1|-1|-1|231|354|284|0|
0|9|4|2|8|4|0|5|4|9|9|3|3|3|1|4|97|-1|32|127|3|47|12|261|6|-1|-1|111|231|225|346|194|
8|3|4|3|8|9|0|5|5|9|9|9|4|2|2|1|0|165|25|65|3|-1|12|261|2|-1|-1|-1|299|235|284|240|
6|8|1|5|1|9|0|0|9|0|4|9|8|5|1|0|232|2|117|199|98|-1|12|82|-1|68|270|-1|3|246|346|16|
9|5|1|9|8|0|0|9|9|9|9|9|0|1|8|8|-1|303|257|-1|3|318|12|-1|-1|-1|-1|-1|311|68|0|0|
5|5|2|1|8|9|0|9|5|7|1|9|0|0|1|4|237|303|296|314|3|-1|12|-1|2|52|117|-1|311|114|346|194|
5|7|4|5|2|5|8|5|4|5|1|9|7|3|1|4|237|503|32|162|15|196|2|261|6|95|117|-1|560|354|346|194|
5|5|1|9|1|7|0|8|9|9|9|9|9|3|8|3|237|96|257|-1|98|488|12|2|-1|-1|-1|-1|-1|225|2|153|
3|2|1|9|1|9|0|4|4|9|9|9|7|3|1|4|328|158|117|-1|98|-1|12|206|45|-1|-1|-1|560|225|346|194|
5|8|9|9|8|4|0|9|4|9|9|9|3|7|7|4|15|3|-1|-1|3|47|12|-1|45|-1|-1|-1|307|63|732|287|
5|5|4|2|8|9|6|0|9|9|0|5|7|1|5|8|237|303|32|315|3|-1|129|82|-1|-1|341|143|18|68|311|2|
3|5|1|5|8|9|0|9|9|9|9|4|3|2|0|9|139|104|257|162|3|-1|12|-1|-1|-1|-1|195|46|84|77|-1|
5|5|1|5|8|9|0|4|9|1|9|3|0|7|3|4|237|303|257|199|3|-1|12|206|-1|194|-1|171|275|96|230|63|
5|5|2|5|0|8|0|5|9|9|3|9|2|0|2|8|237|303|296|199|356|2|12|61|-1|-1|175|-1|257|188|284|0|
9|9|4|9|8|9|0|5|9|9|9|5|7|3|0|0|-1|-1|32|-1|3|-1|12|261|-1|-1|-1|43|67|141|314|234|
5|5|1|5|8|3|8|1|9|1|3|9|2|9|8|4|237|104|117|252|3|263|2|69|-1|194|175|-1|257|-1|1|63|
5|5|5|9|8|3|5|9|9|0|2|9|3|3|1|9|237|96|166|-1|3|263|221|-1|-1|206|81|-1|231|225|346|-1|
9|5|2|9|0|4|0|9|9|9|9|9|1|0|2|8|-1|303|296|-1|19|47|12|-1|-1|-1|-1|-1|260|188|284|0|
5|1|2|4|6|9|6|0|5|9|9|9|6|5|8|3|237|110|36|226|179|-1|383|82|2|-1|-1|-1|514|152|2|153|
5|9|1|9|4|8|0|5|4|9|0|9|6|0|2|8|237|-1|117|-1|42|2|12|261|6|-1|212|-1|514|188|284|0|
5|8|1|6|5|9|0|5|5|5|1|5|8|1|1|9|237|0|117|371|1|-1|12|261|2|302|117|43|3|68|346|-1|
5|5|1|9|1|7|2|1|7|9|9|9|8|7|5|4|237|104|117|-1|184|228|151|43|770|-1|-1|-1|3|510|311|67|
7|5|5|9|8|3|0|5|9|9|1|9|9|0|8|3|465|96|166|-1|3|207|12|61|-1|-1|224|-1|-1|188|2|153|
9|5|1|2|9|8|0|9|9|5|7|9|0|0|2|8|-1|303|117|127|-1|2|12|-1|-1|13|763|-1|311|114|284|0|
5|9|7|9|7|2|0|5|4|1|9|4|8|7|2|8|237|-1|146|-1|0|196|12|261|45|194|-1|264|3|306|284|0|
8|8|1|6|6|9|0|9|5|9|9|5|1|0|2|1|0|0|257|559|641|-1|12|-1|2|-1|-1|143|260|188|284|240|
9|5|3|8|8|9|8|0|9|9|9|5|7|0|2|8|-1|104|266|0|3|-1|2|359|-1|-1|-1|43|67|188|284|0|
5|8|1|9|8|9|0|8|4|2|9|4|8|3|0|0|237|3|257|-1|3|-1|12|2|6|201|-1|195|3|141|314|234|
5|4|4|6|2|0|0|9|4|9|9|9|3|3|1|4|237|189|32|4|360|43|12|-1|6|-1|-1|-1|231|225|346|194|
9|5|5|5|8|9|0|9|9|9|9|9|3|5|5|8|-1|303|166|162|3|-1|12|-1|-1|-1|-1|-1|231|225|311|3|
5|0|1|9|8|9|0|9|5|8|9|9|6|5|5|7|237|261|117|-1|3|-1|12|-1|2|2|-1|-1|514|246|311|352|
9|2|7|9|8|9|3|5|9|4|9|3|0|3|8|3|-1|61|212|-1|3|-1|16|261|-1|312|-1|171|275|141|2|153|
8|5|5|9|0|9|1|8|1|9|9|9|3|5|1|6|0|96|166|-1|19|-1|76|2|128|-1|-1|-1|307|246|346|82|
9|5|5|9|8|9|0|0|4|9|9|9|5|0|1|6|-1|303|166|-1|3|-1|12|82|6|-1|-1|-1|208|188|346|82|
5|5|9|9|8|9|0|5|4|9|9|5|7|0|8|8|237|104|-1|-1|3|-1|12|261|45|-1|-1|43|568|93|2|0|
