5|5|9|5|8|9|0|9|9|9|9|9|6|6|5|6|77|258|-1|324|3|-1|12|-1|-1|-1|-1|-1|694|465|182|293|
4|5|9|1|4|8|5|9|9|9|9|9|6|6|5|6|279|258|-1|206|46|2|22|-1|-1|-1|-1|-1|694|465|182|293|
5|5|9|5|8|9|0|9|9|9|9|9|4|7|5|1|77|258|-1|324|3|-1|12|-1|-1|-1|-1|-1|279|641|182|62|
5|0|9|9|7|4|1|4|9|9|3|9|7|7|3|6|237|214|-1|-1|666|46|112|343|-1|-1|265|-1|432|622|340|496|
4|4|9|5|8|8|0|9|9|9|9|9|0|4|4|1|279|313|-1|324|3|2|12|-1|-1|-1|-1|-1|83|262|281|62|
5|9|9|5|8|3|9|4|9|7|8|9|0|9|7|4|237|-1|-1|324|3|196|-1|343|-1|5|1|-1|157|-1|310|224|
4|7|4|4|8|9|4|9|9|9|9|9|0|7|4|6|279|276|89|96|3|-1|164|-1|-1|-1|-1|-1|83|641|271|496|
5|0|4|5|2|4|0|9|9|9|9|9|4|2|2|6|237|10|95|324|106|18|12|-1|-1|-1|-1|-1|79|36|259|340|
5|5|9|5|8|8|4|9|9|9|9|9|4|2|2|6|77|258|-1|324|3|2|171|-1|-1|-1|-1|-1|79|36|259|340|
2|4|1|5|8|9|2|2|9|1|8|9|3|7|9|4|243|313|137|324|3|-1|197|198|-1|304|3|-1|28|622|-1|224|
4|5|9|5|8|9|0|9|9|9|9|9|9|5|7|6|279|193|-1|324|3|-1|12|-1|-1|-1|-1|-1|-1|228|634|336|
4|9|9|5|1|7|9|0|9|9|9|9|0|4|6|8|279|-1|-1|324|107|5|-1|166|-1|-1|-1|-1|83|262|154|2|
5|5|9|5|8|5|0|9|9|9|8|9|3|7|6|6|237|258|-1|324|3|339|12|-1|-1|-1|3|-1|28|622|219|340|
7|5|4|5|8|9|0|9|9|9|9|9|4|7|6|1|450|271|95|324|3|-1|12|-1|-1|-1|-1|-1|79|622|754|62|
5|0|9|0|3|9|5|0|9|3|9|9|0|2|6|5|237|10|-1|247|282|-1|22|80|-1|355|-1|-1|160|132|681|359|
4|9|9|0|4|3|3|0|9|9|9|9|6|4|9|8|279|-1|-1|37|229|143|176|80|-1|-1|-1|-1|762|262|-1|3|
4|0|9|5|8|8|4|9|9|9|9|9|0|9|6|8|323|342|-1|324|3|2|171|-1|-1|-1|-1|-1|214|-1|154|2|
4|2|9|1|8|9|0|9|9|9|9|9|6|5|6|8|279|69|-1|314|3|-1|12|-1|-1|-1|-1|-1|523|279|154|2|
5|5|9|5|8|7|9|0|9|9|9|9|0|1|4|8|237|258|-1|324|3|5|-1|166|-1|-1|-1|-1|83|165|281|3|
0|0|9|2|6|8|0|0|0|9|9|8|4|6|7|6|328|10|-1|40|290|2|12|294|79|-1|-1|2|264|170|634|336|
5|9|9|5|8|9|0|0|9|9|9|9|0|7|0|6|217|-1|-1|324|3|-1|12|159|-1|-1|-1|-1|150|641|294|340|
8|0|9|5|2|8|4|0|9|9|9|9|0|4|6|8|0|1|-1|324|106|2|171|80|-1|-1|-1|-1|214|262|154|2|
4|9|9|9|1|9|9|9|9|9|8|9|6|5|6|8|279|-1|-1|-1|342|-1|-1|-1|-1|-1|3|-1|762|279|154|2|
2|0|9|4|8|9|0|9|9|9|9|9|0|5|3|4|339|262|-1|274|3|-1|12|-1|-1|-1|-1|-1|83|342|333|224|
5|5|9|5|8|8|0|9|9|9|8|9|0|2|6|7|237|193|-1|324|3|2|12|-1|-1|-1|3|-1|160|132|154|332|
5|0|9|5|8|8|4|9|9|9|9|9|6|4|9|8|237|342|-1|324|3|2|171|-1|-1|-1|-1|-1|762|262|-1|3|
4|5|9|3|8|9|0|9|9|9|9|9|6|6|5|1|323|193|-1|37|3|-1|12|-1|-1|-1|-1|-1|694|170|182|62|
0|0|9|5|8|9|9|0|7|9|9|9|5|5|5|0|328|262|-1|324|3|-1|-1|166|112|-1|-1|-1|39|279|182|111|
5|1|9|9|8|8|9|3|5|9|9|9|0|9|6|7|237|22|-1|-1|3|2|-1|356|34|-1|-1|-1|214|-1|154|636|
9|2|9|5|8|9|0|9|9|1|9|9|6|5|6|8|-1|246|-1|324|3|-1|12|-1|-1|333|-1|-1|762|279|154|2|
5|0|4|5|8|9|9|9|9|9|9|9|6|3|2|6|237|1|95|324|3|-1|-1|-1|-1|-1|-1|-1|694|101|259|340|
8|4|3|5|8|9|0|9|9|9|9|9|6|9|4|6|0|313|259|189|3|-1|279|-1|-1|-1|-1|-1|314|-1|271|496|
5|4|9|9|8|9|9|0|0|9|9|9|3|7|3|6|237|313|-1|-1|3|-1|-1|41|267|-1|-1|-1|28|622|340|496|
5|5|9|9|8|1|0|0|9|9|9|9|6|0|7|4|237|193|-1|-1|3|339|12|166|-1|-1|-1|-1|762|155|310|224|
4|0|9|5|8|4|5|0|9|3|9|2|4|6|5|0|323|342|-1|324|3|18|22|166|-1|65|-1|122|79|722|182|111|
5|5|9|9|5|8|5|9|9|9|5|9|0|9|7|6|77|258|-1|-1|69|2|22|-1|-1|-1|331|-1|157|-1|634|336|
5|5|9|9|8|4|9|9|8|9|5|9|6|4|4|6|237|193|-1|-1|3|18|-1|-1|0|-1|331|-1|762|135|271|496|
9|0|9|5|8|9|7|0|5|9|9|1|0|9|1|6|-1|10|-1|324|3|-1|638|166|34|-1|-1|319|157|-1|248|496|
9|0|9|5|8|4|0|0|9|9|9|9|0|6|2|4|-1|10|-1|324|3|18|12|80|-1|-1|-1|-1|157|722|348|224|
9|5|0|9|8|8|5|9|9|9|9|8|4|6|6|8|-1|271|142|-1|3|2|22|-1|-1|-1|-1|2|264|170|154|2|
5|0|9|5|9|1|5|0|9|9|9|0|9|5|2|4|237|232|-1|324|-1|339|22|166|-1|-1|-1|328|-1|279|348|224|
5|5|9|1|8|8|4|0|9|9|9|9|6|6|7|4|237|204|-1|202|3|2|171|166|-1|-1|-1|-1|694|465|310|224|
5|4|9|9|4|4|9|0|9|9|9|9|6|4|6|8|237|313|-1|-1|341|191|-1|166|-1|-1|-1|-1|694|262|154|2|
9|5|9|5|3|4|2|9|3|8|5|9|6|8|2|4|-1|271|-1|214|282|18|95|-1|172|3|331|-1|762|0|348|224|
5|0|9|5|2|4|5|0|2|9|9|9|6|9|4|6|237|1|-1|324|106|18|22|80|348|-1|-1|-1|762|-1|271|496|
4|5|9|5|2|4|9|0|9|2|9|9|6|4|6|8|279|258|-1|324|106|18|-1|80|-1|65|-1|-1|694|262|154|2|
7|0|9|0|1|9|0|9|9|9|9|8|4|6|6|8|477|1|-1|184|149|-1|12|-1|-1|-1|-1|2|264|170|154|2|
2|5|9|1|8|4|5|0|0|9|9|9|3|7|5|1|240|193|-1|206|3|18|22|80|179|-1|-1|-1|28|622|182|62|
5|5|4|5|1|4|2|0|9|7|9|9|4|0|2|4|237|193|100|324|107|18|95|166|-1|401|-1|-1|79|275|348|224|
5|9|9|5|8|8|5|9|9|3|9|2|7|6|5|0|217|-1|-1|324|3|2|22|-1|-1|65|-1|122|332|722|311|111|
5|5|9|9|3|4|2|9|9|9|9|9|3|7|3|6|237|193|-1|-1|282|18|95|-1|-1|-1|-1|-1|28|622|340|496|
2|1|9|9|1|4|5|9|9|9|9|6|6|6|9|6|243|316|-1|-1|149|239|174|-1|-1|-1|-1|405|694|465|-1|340|
5|0|9|5|8|9|2|0|4|9|9|9|4|2|2|5|237|232|-1|324|3|-1|95|166|262|-1|-1|-1|79|36|348|64|
5|5|8|5|3|6|9|1|9|9|9|0|0|9|4|6|77|193|2|324|282|686|-1|163|-1|-1|-1|6|150|-1|271|496|
9|5|9|5|3|4|4|0|7|9|9|9|6|5|6|8|-1|258|-1|324|282|18|171|166|143|-1|-1|-1|38|228|154|2|
5|5|9|9|1|3|9|9|9|8|9|9|5|7|2|8|237|193|-1|-1|107|147|-1|-1|-1|0|-1|-1|39|622|348|1|
4|0|9|5|8|8|0|9|9|9|9|9|0|6|8|4|323|342|-1|324|3|2|12|-1|-1|-1|-1|-1|313|170|3|14|
8|9|9|5|2|4|5|0|0|9|8|9|4|7|9|4|3|-1|-1|324|106|18|22|80|179|-1|3|-1|279|641|-1|224|
5|4|1|1|1|9|0|9|9|8|9|9|5|9|9|6|237|175|74|206|149|-1|12|-1|-1|0|-1|-1|39|-1|-1|340|
6|1|9|0|8|0|5|9|3|3|9|1|0|4|7|6|747|316|-1|247|3|95|22|-1|66|187|-1|319|83|262|634|336|
5|5|1|9|8|4|9|9|2|9|9|9|6|7|2|4|237|269|18|-1|3|18|-1|-1|5|-1|-1|-1|762|641|348|224|
4|4|9|0|8|9|5|0|9|9|9|3|6|6|9|4|279|313|-1|37|3|-1|22|166|-1|-1|-1|334|762|170|-1|224|
4|1|8|0|4|4|9|9|6|9|9|9|0|6|5|0|279|22|3|247|119|18|-1|-1|695|-1|-1|-1|83|170|182|111|
4|4|9|9|8|9|0|9|5|9|1|7|6|5|6|4|279|313|-1|-1|3|-1|12|-1|34|-1|180|750|762|279|624|323|
2|4|9|5|8|4|0|0|9|9|9|9|6|0|7|4|243|313|-1|324|3|18|12|166|-1|-1|-1|-1|762|155|310|224|
9|5|9|9|8|9|9|1|9|8|5|9|0|7|2|6|-1|271|-1|-1|3|-1|-1|253|-1|3|331|-1|83|641|259|340|
2|0|7|5|8|8|4|9|2|9|5|9|6|8|5|0|243|262|609|324|3|2|171|-1|348|-1|190|-1|762|0|112|283|
4|4|9|9|1|9|9|1|9|9|9|9|5|7|6|8|279|313|-1|-1|35|-1|-1|253|-1|-1|-1|-1|260|641|154|2|
5|8|9|5|2|4|0|9|9|9|8|9|6|5|6|8|237|1|-1|324|106|18|12|-1|-1|-1|3|-1|762|279|154|2|
6|5|4|5|4|8|5|5|9|9|8|6|6|6|9|6|228|271|95|324|119|1|233|100|-1|-1|3|405|380|465|-1|340|
5|5|9|5|4|8|5|9|9|9|6|9|0|4|5|8|237|271|-1|324|119|1|233|-1|-1|-1|143|-1|83|262|293|2|
4|5|5|5|8|9|4|9|2|9|9|9|4|7|9|6|323|271|67|324|3|-1|171|-1|21|-1|-1|-1|279|641|-1|340|
9|4|9|5|8|4|0|0|9|9|9|9|9|0|7|4|-1|313|-1|324|3|18|12|166|-1|-1|-1|-1|-1|155|310|224|
5|0|8|9|8|3|9|0|9|9|1|5|7|7|0|8|237|262|3|-1|3|196|-1|166|-1|-1|356|118|456|641|183|2|
0|0|9|9|8|9|2|9|5|9|9|9|4|6|5|3|328|214|-1|-1|3|-1|354|-1|34|-1|-1|-1|79|722|182|22|
8|0|9|5|8|9|0|9|9|9|9|6|6|6|7|6|0|10|-1|324|3|-1|12|-1|-1|-1|-1|405|694|465|634|336|
0|5|9|8|0|6|5|9|9|9|9|9|6|5|9|6|328|193|-1|2|3|590|174|-1|-1|-1|-1|-1|694|342|-1|340|
4|5|9|1|4|8|5|9|9|9|9|9|4|6|6|8|279|258|-1|206|46|2|22|-1|-1|-1|-1|-1|234|170|154|2|
5|0|2|5|0|4|9|6|9|9|9|9|4|7|5|1|237|342|58|324|172|18|-1|269|-1|-1|-1|-1|279|641|182|62|
5|5|9|9|8|4|2|0|9|3|5|9|0|5|5|0|217|193|-1|-1|3|18|95|166|-1|133|331|-1|157|228|112|283|
5|0|1|9|0|8|9|9|9|7|1|9|4|0|8|4|237|1|133|-1|223|2|-1|-1|-1|533|46|-1|79|275|3|224|
5|0|9|5|4|4|5|9|9|9|9|9|4|7|8|4|237|232|-1|324|229|18|233|-1|-1|-1|-1|-1|79|622|3|224|
5|4|9|3|1|3|9|9|0|9|8|9|4|2|2|6|237|321|-1|349|107|147|-1|-1|179|-1|3|-1|79|36|259|340|
5|8|2|5|8|8|5|4|9|9|9|0|9|5|2|4|237|3|191|324|3|2|22|343|-1|-1|-1|328|-1|279|348|224|
9|5|0|9|1|8|5|9|9|9|8|9|4|6|5|0|-1|271|142|-1|199|2|22|-1|-1|-1|3|-1|79|722|182|111|
5|5|0|9|3|9|0|0|9|9|9|9|0|4|9|4|237|193|15|-1|282|-1|12|80|-1|-1|-1|-1|83|262|-1|94|
5|9|9|5|2|4|7|0|9|9|5|9|4|7|6|8|237|-1|-1|324|106|18|254|80|-1|-1|331|-1|279|641|154|2|
5|0|2|9|8|9|9|3|9|9|9|7|6|7|9|8|237|10|18|-1|3|-1|-1|336|-1|-1|-1|493|762|622|-1|3|
5|9|9|5|1|8|9|9|9|9|9|6|0|5|2|6|77|-1|-1|324|35|2|-1|-1|-1|-1|-1|405|83|342|259|340|
5|5|4|5|4|8|0|9|9|9|9|9|4|6|6|8|237|258|95|324|119|1|12|-1|-1|-1|-1|-1|264|170|154|2|
5|4|1|5|1|9|0|0|9|9|9|9|6|5|6|8|237|175|74|214|107|-1|12|80|-1|-1|-1|-1|762|279|154|2|
4|9|2|1|0|4|0|9|8|9|6|9|7|5|4|6|279|-1|59|206|172|18|12|-1|3|-1|243|-1|437|279|271|496|
5|7|9|9|3|9|0|9|9|3|9|4|8|7|5|4|237|726|-1|-1|282|-1|114|-1|-1|355|-1|294|1|698|284|353|
5|0|9|2|5|4|9|9|8|9|0|9|0|5|5|1|237|1|-1|50|261|18|-1|-1|3|-1|251|-1|313|279|182|62|
5|1|6|9|4|9|5|9|9|9|9|9|8|5|2|4|237|316|24|-1|229|-1|233|-1|-1|-1|-1|-1|1|279|348|224|
4|5|9|1|4|8|4|9|9|9|9|9|6|6|5|6|279|258|-1|206|46|2|74|-1|-1|-1|-1|-1|694|465|182|293|
5|5|9|5|8|9|5|9|9|9|9|9|4|7|5|1|77|258|-1|324|3|-1|22|-1|-1|-1|-1|-1|279|641|182|62|
5|0|9|9|7|4|1|9|9|9|9|9|7|7|3|6|237|214|-1|-1|666|46|112|-1|-1|-1|-1|-1|432|622|340|496|
4|4|9|5|8|8|0|4|9|9|9|9|0|4|4|1|279|313|-1|324|3|2|12|343|-1|-1|-1|-1|83|262|281|62|
5|9|9|5|8|3|9|9|9|9|9|9|0|7|7|4|237|-1|-1|324|3|196|-1|-1|-1|-1|-1|-1|83|641|310|224|
