5|5|0|9|8|9|0|9|5|5|9|9|0|2|8|4|237|303|1|-1|3|-1|12|-1|34|92|-1|-1|231|125|2|224|
5|5|1|1|2|9|0|9|9|9|9|9|8|9|2|2|332|96|128|79|161|-1|12|-1|-1|-1|-1|-1|2|-1|330|17|
5|5|9|5|8|9|9|9|9|9|9|7|7|1|8|7|84|96|-1|324|3|-1|-1|-1|-1|-1|-1|168|700|153|2|108|
2|3|2|1|8|1|0|9|9|9|9|9|0|8|8|7|196|331|118|79|3|145|12|-1|-1|-1|-1|-1|231|2|1|61|
5|5|1|1|8|5|0|9|9|9|9|9|7|3|8|4|332|96|128|79|3|83|12|-1|-1|-1|-1|-1|700|246|2|224|
5|5|5|9|0|9|0|0|9|9|9|9|6|2|1|3|332|303|166|-1|305|-1|12|94|-1|-1|-1|-1|103|299|321|247|
5|5|5|4|8|9|0|0|6|0|9|9|7|8|8|7|84|41|320|268|3|-1|12|94|163|110|-1|-1|714|2|1|61|
5|5|9|9|8|4|0|9|9|9|9|9|0|3|8|3|332|303|-1|-1|3|293|12|-1|-1|-1|-1|-1|231|246|1|247|
5|5|5|4|8|9|4|2|9|9|9|9|6|3|8|4|237|96|92|268|3|-1|171|101|-1|-1|-1|-1|103|54|2|224|
5|5|1|1|0|5|0|9|5|4|9|4|0|2|8|5|332|96|128|79|146|308|12|-1|34|61|-1|306|231|125|1|79|
4|5|0|1|8|9|0|9|9|9|9|9|0|3|8|5|179|303|1|213|3|-1|12|-1|-1|-1|-1|-1|231|54|2|249|
5|5|1|1|8|9|0|9|9|9|9|9|8|5|8|6|332|303|128|79|3|-1|12|-1|-1|-1|-1|-1|0|302|2|39|
5|5|5|9|8|9|0|9|3|9|3|7|7|2|9|2|332|96|166|-1|3|-1|12|-1|200|-1|211|221|700|125|-1|217|
5|5|4|4|1|9|0|9|9|9|9|9|0|3|8|5|332|303|331|268|185|-1|12|-1|-1|-1|-1|-1|231|54|2|249|
5|5|5|4|8|9|0|0|9|9|9|9|4|2|6|4|332|41|320|268|3|-1|12|94|-1|-1|-1|-1|356|125|262|224|
5|5|5|9|1|9|2|1|5|4|9|9|5|5|8|4|332|96|166|-1|185|-1|18|34|34|61|-1|-1|260|302|2|224|
5|5|4|4|8|9|0|9|5|9|9|9|0|1|8|3|237|303|331|267|3|-1|12|-1|34|-1|-1|-1|185|143|3|247|
3|5|9|1|8|0|0|9|9|9|9|9|6|2|8|4|330|303|-1|79|3|276|12|-1|-1|-1|-1|-1|103|125|2|224|
5|5|7|9|8|0|0|9|9|9|9|9|0|3|8|2|332|141|607|-1|3|17|12|-1|-1|-1|-1|-1|231|246|2|241|
5|5|8|9|8|0|8|9|9|9|9|9|3|2|3|2|237|303|3|-1|3|17|2|-1|-1|-1|-1|-1|242|176|328|217|
5|5|0|1|8|9|0|2|9|2|0|9|0|1|8|7|332|141|1|213|3|-1|12|130|-1|105|163|-1|185|143|1|61|
5|5|9|4|8|9|0|0|9|9|9|9|4|8|8|7|237|96|-1|268|3|-1|12|94|-1|-1|-1|-1|43|2|1|61|
5|5|2|8|8|9|2|0|9|2|9|9|5|1|8|7|332|303|220|3|3|-1|343|94|-1|106|-1|-1|260|143|1|61|
5|5|2|8|8|5|0|0|9|9|9|9|0|3|8|2|332|303|96|3|3|308|12|94|-1|-1|-1|-1|231|246|2|241|
5|5|5|4|8|9|0|5|9|9|9|9|3|9|2|7|84|41|320|268|3|-1|12|101|-1|-1|-1|-1|242|-1|9|61|
7|5|5|9|8|2|0|9|9|1|9|9|0|9|1|3|690|96|166|-1|3|341|12|-1|-1|209|-1|-1|185|-1|321|247|
5|1|0|9|8|4|0|9|9|9|9|9|2|5|8|4|84|218|1|-1|3|293|12|-1|-1|-1|-1|-1|83|302|2|224|
5|0|3|4|8|9|0|9|5|9|9|9|0|9|8|7|332|12|165|268|3|-1|12|-1|34|-1|-1|-1|231|-1|1|61|
6|5|9|4|8|9|0|0|5|9|9|0|0|2|8|7|649|96|-1|268|3|-1|12|94|34|-1|-1|46|231|125|1|61|
5|1|5|1|8|9|0|9|9|8|9|9|7|8|8|4|332|127|246|213|3|-1|12|-1|-1|3|-1|-1|714|2|2|224|
5|9|1|1|8|9|4|5|9|3|2|9|6|2|4|3|332|-1|128|79|3|-1|77|101|-1|6|257|-1|103|299|306|140|
5|5|5|9|8|7|0|9|9|9|9|9|0|2|6|4|237|141|166|-1|3|298|12|-1|-1|-1|-1|-1|185|125|76|224|
5|5|7|9|8|9|4|9|9|9|9|9|5|5|1|3|237|141|68|-1|3|-1|311|-1|-1|-1|-1|-1|260|302|217|336|
5|5|9|1|8|9|7|0|9|9|9|9|7|2|8|5|332|303|-1|79|3|-1|458|94|-1|-1|-1|-1|67|176|1|103|
5|0|0|9|8|5|0|5|5|9|9|5|0|2|8|4|84|343|1|-1|3|308|12|101|34|-1|-1|35|231|125|2|224|
5|5|0|9|8|5|0|2|9|5|9|9|0|3|2|2|192|96|1|-1|3|308|12|133|-1|92|-1|-1|231|54|330|17|
5|1|0|5|8|9|0|9|5|9|9|9|3|4|8|5|332|218|1|193|3|-1|12|-1|34|-1|-1|-1|242|58|2|249|
3|5|1|1|8|0|1|9|5|9|9|4|7|3|8|4|330|303|128|79|3|17|151|-1|151|-1|-1|199|67|54|2|224|
4|5|8|9|1|9|0|9|5|9|9|9|7|4|5|4|179|303|3|-1|185|-1|12|-1|34|-1|-1|-1|67|130|182|224|
5|5|8|2|8|9|0|0|9|9|9|6|8|2|1|3|332|303|3|301|3|-1|12|94|-1|-1|-1|572|3|125|217|336|
5|0|8|9|8|9|0|5|9|9|9|9|0|7|9|2|332|343|0|-1|3|-1|12|101|-1|-1|-1|-1|185|610|-1|217|
5|6|5|9|8|6|0|9|9|9|9|9|6|1|8|3|237|574|166|-1|3|498|12|-1|-1|-1|-1|-1|103|143|3|247|
8|5|0|9|9|0|0|1|9|5|9|9|0|5|4|3|2|141|1|-1|-1|17|12|229|-1|92|-1|-1|185|135|11|247|
5|5|0|9|8|9|0|9|6|9|9|3|0|3|8|6|332|303|1|-1|3|-1|12|-1|161|-1|-1|212|231|54|0|268|
5|0|5|1|0|9|0|9|0|9|9|5|7|4|8|4|332|343|166|79|146|-1|12|-1|84|-1|-1|35|710|130|2|224|
5|5|0|1|2|9|0|9|5|5|9|9|6|5|8|6|332|41|1|213|161|-1|12|-1|133|92|-1|-1|103|302|2|39|
5|5|0|1|8|0|8|9|9|9|9|8|8|6|9|3|332|141|1|213|3|17|2|-1|-1|-1|-1|1|0|204|-1|247|
2|0|5|9|1|6|0|9|5|9|9|6|0|2|7|0|196|343|166|-1|185|17|12|-1|62|-1|-1|125|144|125|514|167|
5|5|1|4|8|9|2|9|9|1|9|9|2|5|8|2|332|303|128|268|3|-1|18|-1|-1|209|-1|-1|83|302|2|241|
5|4|5|9|1|9|5|0|9|9|9|9|7|8|8|7|332|208|166|-1|185|-1|90|94|-1|-1|-1|-1|714|2|1|61|
5|3|0|9|8|9|0|9|9|9|9|5|0|2|1|3|332|331|1|-1|3|-1|12|-1|-1|-1|-1|193|231|125|321|247|
5|5|2|1|8|9|0|5|5|9|9|9|0|2|4|3|332|303|76|213|3|-1|12|101|34|-1|-1|-1|231|125|11|247|
1|5|5|1|8|9|0|9|9|9|9|9|7|2|7|5|85|96|92|213|3|-1|12|-1|-1|-1|-1|-1|67|125|253|103|
5|5|5|9|0|2|0|8|2|5|9|9|7|4|8|4|84|96|166|-1|146|341|12|2|234|92|-1|-1|700|130|2|224|
5|5|5|9|8|9|0|9|9|9|9|9|0|9|1|3|332|303|246|-1|3|-1|12|-1|-1|-1|-1|-1|185|-1|321|247|
5|5|3|1|8|9|0|9|9|9|9|9|6|8|8|2|332|141|273|79|3|-1|12|-1|-1|-1|-1|-1|68|2|2|241|
5|5|5|9|8|5|6|9|9|5|9|9|6|6|9|3|332|303|166|-1|3|83|86|-1|-1|92|-1|-1|103|204|-1|247|
5|5|2|1|8|9|0|9|9|9|9|9|3|7|2|4|332|303|76|213|3|-1|12|-1|-1|-1|-1|-1|242|443|330|52|
6|5|1|9|8|6|0|9|5|4|9|3|7|3|8|7|630|303|128|-1|3|43|12|-1|34|41|-1|313|710|247|1|61|
4|2|4|5|2|6|0|9|9|9|9|9|7|1|8|7|179|268|331|303|161|727|12|-1|-1|-1|-1|-1|700|153|2|108|
5|1|9|9|8|9|0|2|2|9|9|9|8|5|8|6|332|119|-1|-1|3|-1|12|114|125|-1|-1|-1|2|302|2|39|
5|5|5|9|0|2|0|8|2|5|9|7|7|4|8|4|332|303|166|-1|146|341|12|2|234|92|-1|360|710|130|2|224|
5|5|5|9|8|9|2|9|9|9|9|9|6|6|8|3|332|96|166|-1|3|-1|18|-1|-1|-1|-1|-1|766|755|2|336|
5|0|3|1|8|9|0|0|9|9|9|5|7|5|8|4|332|12|165|79|3|-1|12|94|-1|-1|-1|35|67|302|2|224|
5|5|0|9|6|9|0|9|9|9|9|9|0|3|7|7|332|303|1|-1|547|-1|12|-1|-1|-1|-1|-1|231|246|313|61|
5|5|5|9|5|9|0|0|5|9|9|9|6|2|9|7|237|141|166|-1|345|-1|12|94|34|-1|-1|-1|103|125|-1|61|
5|5|2|9|8|7|0|9|9|9|9|9|1|4|8|3|332|322|248|-1|3|298|12|-1|-1|-1|-1|-1|153|207|1|336|
4|6|8|1|9|4|0|0|3|9|9|4|0|2|8|5|179|768|2|79|-1|139|12|278|200|-1|-1|306|231|125|1|79|
2|5|5|9|2|9|8|9|9|1|9|9|6|2|8|5|196|303|246|-1|342|-1|1|-1|-1|2|-1|-1|103|125|1|103|
5|5|5|4|2|9|0|4|9|5|9|9|6|3|8|7|332|96|320|268|161|-1|12|10|-1|92|-1|-1|103|54|1|61|
5|5|5|9|8|7|0|9|9|9|9|5|6|6|9|3|237|141|166|-1|3|298|12|-1|-1|-1|-1|35|103|204|-1|247|
1|4|2|0|2|5|0|5|9|9|9|9|0|7|8|4|267|208|118|158|48|308|12|101|-1|-1|-1|-1|185|610|2|190|
5|5|9|3|1|2|0|8|9|9|9|9|0|2|8|8|237|303|-1|331|161|341|12|2|-1|-1|-1|-1|185|125|1|0|
5|5|3|1|1|3|0|0|5|4|9|9|0|3|8|3|332|303|142|213|35|181|12|192|34|360|-1|-1|231|246|1|247|
5|5|1|4|5|7|0|5|6|9|9|9|0|6|2|9|332|303|128|268|124|771|12|101|161|-1|-1|-1|185|333|330|-1|
5|5|4|1|1|9|0|9|6|9|9|5|0|3|8|3|237|96|267|213|185|-1|12|-1|516|-1|-1|198|231|246|1|247|
5|0|3|9|8|9|0|0|9|9|9|7|6|6|9|5|332|12|165|-1|3|-1|12|94|-1|-1|-1|360|103|755|-1|171|
8|0|5|9|5|9|4|9|5|5|9|9|0|4|0|5|2|343|246|-1|124|-1|10|-1|34|92|-1|-1|185|130|157|318|
5|5|3|4|8|9|0|0|0|9|9|9|6|8|2|3|332|96|165|268|3|-1|12|94|171|-1|-1|-1|103|2|75|336|
5|5|3|1|1|3|0|0|5|9|9|3|0|6|8|4|332|303|142|213|35|181|12|192|34|-1|-1|212|231|755|1|247|
5|5|5|4|8|9|0|0|6|0|9|9|6|2|8|4|237|96|92|268|3|-1|12|94|163|110|-1|-1|103|125|2|224|
3|5|1|9|1|9|0|5|6|9|9|5|0|8|8|2|330|303|128|-1|185|-1|12|101|161|-1|-1|304|231|2|1|355|
5|5|8|0|2|5|0|5|8|9|9|9|7|4|5|4|332|90|3|158|48|308|12|101|0|-1|-1|-1|67|130|182|224|
5|5|7|9|9|9|0|9|5|9|9|9|6|5|4|3|332|96|557|-1|-1|-1|12|-1|34|-1|-1|-1|103|302|306|140|
5|5|9|1|8|9|0|3|9|9|9|9|6|2|2|9|84|303|-1|79|3|-1|12|16|-1|-1|-1|-1|103|299|330|-1|
5|9|7|9|8|9|0|0|9|9|7|4|0|2|8|3|332|-1|294|-1|3|-1|12|94|-1|-1|271|275|231|125|1|247|
5|5|5|9|8|9|0|2|0|9|9|5|0|8|6|5|84|303|166|-1|3|-1|12|114|198|-1|-1|193|185|2|443|338|
7|5|5|7|1|7|0|0|5|9|9|9|8|3|8|5|690|96|166|313|54|229|12|94|34|-1|-1|-1|0|54|1|103|
5|0|1|9|8|0|8|9|9|1|7|9|0|3|9|3|332|38|128|-1|3|17|1|-1|-1|2|559|-1|231|246|-1|247|
5|5|5|9|0|2|0|8|2|5|9|9|0|2|8|4|332|96|166|-1|146|341|12|2|234|92|-1|-1|231|125|2|224|
5|5|0|9|8|9|0|9|5|5|9|9|0|9|4|3|237|303|1|-1|3|-1|12|-1|34|92|-1|-1|185|-1|306|140|
5|5|1|1|2|9|0|9|9|9|9|9|7|1|2|2|332|96|128|79|161|-1|12|-1|-1|-1|-1|-1|700|153|330|17|
5|5|9|5|8|9|9|9|9|9|9|9|8|9|8|7|84|96|-1|324|3|-1|-1|-1|-1|-1|-1|-1|2|-1|2|108|
2|3|2|1|8|5|0|9|9|9|9|9|0|8|8|7|196|331|118|79|3|83|12|-1|-1|-1|-1|-1|231|2|1|61|
5|5|1|1|8|1|0|9|9|9|9|9|7|3|8|4|332|96|128|79|3|145|12|-1|-1|-1|-1|-1|700|246|2|224|
5|5|5|9|0|9|0|0|6|0|9|9|7|8|1|3|332|303|166|-1|305|-1|12|94|163|110|-1|-1|714|2|321|247|
5|5|5|4|8|9|0|0|9|9|9|9|6|2|8|7|84|41|320|268|3|-1|12|94|-1|-1|-1|-1|103|299|1|61|
5|5|9|4|8|9|4|2|9|9|9|9|0|3|8|3|332|303|-1|268|3|-1|171|101|-1|-1|-1|-1|231|246|1|247|
5|5|5|9|8|4|0|9|9|9|9|9|6|3|8|4|237|96|92|-1|3|293|12|-1|-1|-1|-1|-1|103|54|2|224|
5|5|1|1|0|5|0|9|9|9|9|9|0|2|8|5|332|96|128|79|146|308|12|-1|-1|-1|-1|-1|231|125|1|79|
