5|0|4|9|8|0|0|9|4|0|4|6|7|9|7|0|190|237|262|-1|3|64|234|-1|313|111|27|26|376|-1|574|58|
1|8|4|9|8|0|0|9|4|0|4|6|7|9|7|0|134|0|262|-1|3|64|234|-1|313|111|27|26|376|-1|574|58|
5|0|1|8|8|7|4|1|3|0|3|6|7|0|1|0|190|237|209|2|3|322|125|151|217|111|252|26|376|48|288|58|
0|6|9|2|8|4|8|1|1|3|4|6|5|1|6|5|331|7|-1|108|3|122|3|343|335|175|358|26|341|215|726|327|
1|0|1|8|8|4|8|1|8|0|0|1|1|0|1|4|152|237|209|2|3|122|0|82|3|111|278|324|210|48|195|15|
5|8|4|6|8|9|2|1|8|3|2|0|0|7|7|7|288|3|210|232|3|-1|85|151|1|175|334|40|161|664|613|443|
0|3|3|2|8|8|4|0|1|1|4|1|8|3|7|8|143|159|136|61|3|3|125|0|39|16|257|324|3|282|725|3|
0|0|1|8|8|4|8|1|8|2|3|8|1|8|6|0|300|237|209|2|3|122|0|82|3|241|252|3|210|3|3|252|
1|3|4|6|8|7|8|9|1|1|4|1|8|7|7|7|152|291|210|232|3|322|3|-1|39|16|257|324|3|664|613|18|
2|0|4|8|8|4|2|9|7|4|0|8|0|9|4|1|82|237|210|1|3|67|310|-1|21|168|206|3|161|-1|292|213|
8|8|1|6|8|7|7|4|4|1|2|1|7|7|7|0|2|0|209|232|3|322|340|247|313|68|334|309|376|664|574|58|
5|8|2|0|8|7|2|9|7|5|2|8|3|2|7|0|169|0|358|195|3|322|310|-1|21|89|334|3|264|28|725|228|
1|6|2|5|8|0|8|7|2|0|4|6|5|5|1|0|355|7|199|346|3|64|1|656|249|111|358|26|341|44|288|58|
1|6|4|6|9|8|3|1|8|0|3|8|9|4|5|2|284|7|210|232|-1|3|170|82|3|111|252|3|-1|286|241|304|
1|0|1|8|8|4|8|1|9|4|0|9|5|6|5|5|152|237|209|2|3|122|0|82|-1|198|278|-1|193|677|216|311|
5|6|1|8|8|5|6|1|1|1|4|1|8|8|6|0|288|279|209|2|3|244|793|82|39|16|257|114|3|3|3|252|
5|6|4|8|8|7|7|1|8|0|0|6|3|7|1|0|169|7|111|1|3|309|72|82|3|111|278|26|3|539|288|58|
0|0|9|8|8|5|8|4|3|8|2|3|7|9|4|1|300|237|-1|2|3|59|0|247|264|0|182|130|28|-1|292|213|
7|2|9|6|7|7|7|6|5|1|4|1|5|8|6|0|257|332|-1|232|512|322|340|320|167|16|257|324|341|3|3|252|
1|8|4|3|8|7|7|4|4|1|0|8|7|7|7|0|322|0|210|144|3|322|72|101|179|16|278|0|376|113|574|58|
5|4|9|4|8|7|5|1|2|8|8|6|1|0|1|8|169|65|-1|162|3|322|283|343|82|0|3|26|210|48|288|1|
1|8|1|8|7|7|2|9|8|8|0|8|4|3|5|4|355|0|353|1|512|322|310|-1|1|0|296|3|33|237|278|15|
3|5|2|0|8|6|7|5|6|0|0|5|5|5|4|4|331|215|358|195|3|524|340|295|201|199|296|293|198|96|292|341|
5|6|4|3|9|4|7|9|8|0|0|5|5|7|5|6|288|7|210|175|-1|84|72|-1|1|199|193|293|198|113|200|302|
0|6|1|8|8|7|7|4|3|0|0|1|2|8|4|4|331|279|209|1|3|322|72|101|217|111|278|324|178|3|292|341|
5|0|4|0|3|7|7|1|8|1|4|6|7|6|6|0|190|237|262|195|213|322|340|82|1|16|333|704|28|496|3|252|
1|1|4|6|9|7|8|9|8|3|2|9|7|7|9|3|152|273|210|232|-1|322|3|-1|1|175|146|-1|28|113|-1|254|
1|6|9|6|3|6|2|9|7|4|7|8|0|9|7|8|152|7|-1|232|334|260|130|-1|659|275|426|3|161|-1|725|3|
4|3|3|7|8|4|2|2|4|0|7|0|0|0|1|0|2|6|229|166|3|67|310|348|239|111|673|40|161|48|288|58|
1|0|9|6|8|7|7|0|5|3|6|1|5|4|5|2|355|237|-1|232|3|322|72|0|39|175|784|324|341|286|241|304|
0|6|4|3|8|5|3|9|4|1|0|8|5|7|7|3|300|279|262|95|3|59|170|-1|179|68|278|0|341|664|613|88|
6|6|9|6|8|7|8|1|4|8|0|1|2|7|6|7|164|7|-1|232|3|322|3|82|239|0|278|324|309|113|3|441|
5|6|1|5|9|1|6|4|8|6|8|1|7|5|4|4|169|7|209|1|-1|215|299|101|3|38|3|324|28|96|292|341|
1|8|1|8|8|4|4|1|4|8|3|8|8|9|7|0|355|0|209|2|3|122|237|343|313|0|252|3|1|-1|574|58|
5|9|4|6|8|7|7|4|4|1|4|8|8|7|7|1|288|-1|210|232|3|309|72|101|179|68|27|3|1|664|613|215|
5|1|9|8|3|7|7|1|8|9|3|8|0|7|2|0|288|273|-1|2|213|322|340|82|3|-1|260|3|161|113|100|58|
0|3|1|6|8|6|0|4|5|3|0|1|7|7|7|8|300|6|209|232|3|260|234|229|39|175|296|324|28|113|725|3|
5|6|6|6|9|8|8|4|9|4|6|1|1|5|7|0|288|279|100|389|-1|3|0|269|-1|198|784|324|105|96|574|58|
0|0|4|6|8|7|6|6|5|1|6|0|8|6|6|6|300|237|210|232|3|322|793|320|167|16|20|63|2|496|726|302|
5|4|8|6|7|7|7|4|4|1|4|6|7|0|1|0|292|138|0|232|64|309|72|101|179|68|27|26|376|48|288|58|
1|8|1|6|9|8|5|0|3|6|2|1|7|7|9|5|134|0|209|232|-1|3|5|0|217|595|334|309|376|113|-1|221|
1|7|1|8|0|3|6|9|5|3|4|1|7|7|5|6|322|656|209|1|146|159|299|-1|39|175|27|324|28|113|200|302|
1|9|7|6|4|7|2|2|9|1|4|1|8|8|6|0|321|-1|743|232|180|755|310|143|-1|16|257|114|3|3|3|252|
4|6|1|6|8|2|8|4|4|8|6|6|7|9|7|2|214|7|209|232|3|31|1|247|239|1|784|26|376|-1|613|188|
0|6|9|6|8|7|6|9|4|0|4|8|8|6|1|4|300|279|-1|232|3|385|299|-1|313|111|27|3|3|677|195|15|
1|0|1|5|6|9|6|3|4|8|0|8|4|3|1|4|322|237|353|1|461|-1|505|242|239|0|296|3|33|237|195|15|
4|8|1|7|8|7|7|0|2|7|3|8|1|8|6|0|214|0|353|11|3|322|72|332|249|603|252|3|210|3|3|252|
1|1|9|6|8|7|6|0|4|3|8|6|6|0|1|0|322|344|-1|232|3|385|299|0|239|175|3|26|346|48|288|58|
1|0|1|8|9|4|8|2|1|2|6|5|5|5|6|6|152|237|209|2|-1|122|0|206|39|241|784|282|341|96|726|302|
5|6|1|8|0|4|0|4|4|8|4|8|7|3|7|0|288|7|353|1|305|122|203|247|313|0|333|1|376|147|574|58|
1|4|4|4|7|9|0|9|3|1|2|6|3|9|7|8|355|65|210|189|512|-1|234|-1|44|225|47|239|264|-1|725|3|
1|8|9|3|9|7|0|1|8|1|2|0|5|7|7|4|355|0|-1|91|-1|322|203|332|3|16|287|347|341|312|675|341|
1|6|2|6|8|7|7|1|4|5|8|8|3|4|7|7|6|279|358|232|3|309|72|124|285|191|3|3|47|286|613|443|
5|0|7|3|8|5|9|2|2|2|7|4|5|3|5|2|288|237|238|26|3|79|-1|143|249|241|426|233|341|147|241|304|
1|3|9|6|9|8|8|1|4|0|4|6|6|5|9|5|355|333|-1|232|-1|3|3|82|239|111|112|26|70|96|-1|221|
6|2|4|6|9|2|7|4|3|6|3|8|7|4|9|3|164|127|210|232|-1|121|268|229|217|595|252|3|28|286|-1|254|
1|0|5|0|8|7|7|2|4|0|4|5|6|9|6|6|152|237|333|195|3|309|72|206|285|111|177|293|482|-1|726|302|
1|6|4|0|8|7|6|9|8|0|8|6|7|9|8|8|152|279|210|195|3|385|299|-1|3|111|3|26|376|-1|3|3|
0|8|2|6|8|4|2|1|4|1|0|5|6|5|1|4|300|0|3|232|3|67|130|343|239|225|278|9|70|44|195|15|
6|9|9|6|9|8|0|9|3|0|4|6|4|7|5|2|164|-1|-1|232|-1|3|203|-1|217|199|358|26|318|664|241|304|
1|5|7|8|8|6|0|1|1|0|0|6|4|5|7|7|152|301|456|2|3|260|120|343|39|111|278|26|196|96|613|443|
0|6|9|6|8|5|0|4|6|1|4|2|3|9|7|0|300|7|-1|232|0|59|234|269|269|68|333|230|264|-1|574|58|
1|1|9|8|8|8|0|1|7|4|6|0|0|0|7|6|355|344|-1|2|3|3|203|343|659|275|784|40|161|48|613|474|
1|6|3|6|8|8|0|0|4|1|4|6|6|5|9|5|355|7|229|232|0|3|203|256|179|68|27|26|70|96|-1|221|
0|0|4|7|2|5|8|4|1|0|0|6|7|9|4|1|300|237|210|322|350|303|3|269|39|111|278|26|376|-1|292|213|
5|2|4|0|8|4|8|2|9|1|6|0|2|8|2|3|169|332|210|195|3|122|0|167|-1|16|784|40|178|3|276|9|
5|8|4|7|8|4|8|1|1|0|2|8|9|7|6|7|169|2|210|166|3|122|0|82|39|111|334|3|-1|160|3|636|
6|6|4|8|8|7|7|4|2|2|3|0|3|2|1|2|164|7|91|2|3|322|340|269|249|241|252|40|47|149|195|246|
1|1|4|6|8|7|8|9|5|2|3|8|0|7|4|4|355|344|210|232|3|322|1|-1|39|241|252|3|161|312|292|341|
5|8|1|2|5|5|1|1|8|0|4|6|8|7|1|0|288|0|222|173|70|303|118|343|3|111|257|255|3|539|288|58|
0|8|2|6|2|7|9|5|8|0|4|8|7|5|4|4|300|0|358|232|79|322|-1|295|3|111|358|3|28|96|292|341|
7|4|4|7|9|1|5|4|4|9|3|5|8|1|7|8|257|65|210|527|-1|11|178|229|313|-1|252|316|3|215|725|3|
9|7|5|9|8|0|0|9|4|4|0|8|5|4|2|3|-1|583|90|-1|3|64|234|-1|313|275|251|3|341|145|276|9|
8|0|4|8|0|0|7|9|7|3|0|1|8|3|1|2|1|237|91|2|323|20|268|-1|169|175|278|324|3|237|147|304|
0|1|9|9|8|4|2|2|8|6|1|7|4|2|7|8|300|344|-1|-1|3|67|130|143|0|661|119|377|319|242|725|3|
0|0|4|6|8|7|7|0|2|2|4|6|5|1|1|0|300|237|210|232|3|322|72|332|249|241|358|26|341|215|288|58|
1|6|3|6|8|4|2|1|4|1|0|5|6|1|1|4|163|7|186|232|3|67|130|343|239|225|278|9|70|215|195|15|
9|7|5|0|8|8|2|2|4|4|2|1|5|4|7|8|-1|583|90|195|3|3|130|143|313|275|3|324|341|286|725|3|
1|0|9|3|2|4|8|1|3|8|3|8|5|1|7|8|152|237|-1|57|8|175|3|82|203|1|252|3|341|215|725|3|
0|8|1|8|8|5|9|3|4|8|4|3|6|6|5|7|300|0|209|1|3|79|-1|242|239|0|333|173|70|496|216|225|
6|8|2|0|8|7|6|4|8|0|3|8|7|7|7|1|164|0|358|195|3|322|520|269|3|111|252|3|376|664|613|215|
7|2|4|0|8|4|8|1|8|5|0|8|5|1|9|3|297|332|210|195|3|122|0|82|3|325|278|0|309|73|-1|335|
5|3|3|6|8|7|7|4|1|4|0|9|5|6|7|0|169|6|229|232|3|322|72|269|39|198|278|-1|193|677|574|58|
1|8|1|0|4|7|6|9|1|0|2|8|3|7|1|0|152|0|353|195|180|322|793|-1|39|212|334|3|264|539|288|58|
0|9|4|8|8|7|6|0|4|2|6|7|5|9|7|8|300|-1|262|2|3|322|299|0|239|241|784|679|341|-1|725|3|
1|1|4|6|3|5|0|4|4|1|4|6|7|7|1|0|152|273|210|232|334|59|234|101|179|68|27|26|376|664|288|58|
0|6|1|8|8|7|7|4|4|1|4|6|8|1|7|7|300|87|209|1|3|309|268|101|179|68|27|26|3|73|613|443|
0|0|4|6|8|8|7|6|3|0|2|6|8|7|6|8|331|269|210|232|3|1|340|68|44|35|47|26|3|664|629|3|
1|0|1|8|8|4|8|0|3|8|0|5|5|7|5|2|152|237|209|2|3|122|0|139|217|1|296|293|309|113|241|304|
5|8|2|2|8|8|8|4|4|0|7|4|7|7|1|5|169|0|358|96|3|3|0|247|239|111|426|233|28|113|220|31|
1|7|4|5|5|0|5|4|4|0|6|0|8|2|5|2|322|656|62|150|358|64|115|247|239|111|784|300|3|234|241|304|
1|0|1|6|8|4|8|2|7|0|0|1|0|0|2|3|284|269|209|232|3|122|0|206|659|111|278|324|161|48|276|9|
1|6|9|6|8|7|7|5|2|1|0|0|5|1|6|7|355|279|-1|232|3|322|268|295|249|40|289|98|341|276|3|636|
1|0|4|9|8|0|0|9|4|0|4|6|7|9|7|0|134|237|262|-1|3|64|234|-1|313|111|27|26|376|-1|574|58|
5|8|1|7|8|7|4|1|3|0|3|6|7|0|1|0|190|0|209|285|3|322|125|151|217|111|252|26|376|48|288|58|
0|6|9|2|8|4|8|1|1|3|0|1|5|1|6|5|331|7|-1|108|3|122|3|343|335|175|278|324|341|215|726|327|
1|0|1|8|8|4|8|1|8|0|4|6|1|0|1|4|152|237|209|2|3|122|0|82|3|111|358|26|210|48|195|15|
5|8|4|6|8|7|2|0|8|3|2|0|0|7|7|7|288|3|210|232|3|322|85|0|1|175|334|40|161|664|613|443|
0|3|3|2|8|8|4|4|1|1|4|1|8|3|7|8|143|159|136|61|3|3|125|337|39|16|257|324|3|282|725|3|
0|3|4|6|8|7|8|9|1|1|4|1|8|8|6|0|300|291|210|232|3|322|3|-1|39|16|257|324|3|3|3|252|
