5|5|9|0|8|4|9|9|9|9|9|9|4|6|4|6|77|193|-1|67|3|18|-1|-1|-1|-1|-1|-1|79|722|271|496|
5|8|6|1|9|9|9|9|9|9|9|9|4|6|4|6|77|3|736|308|-1|-1|-1|-1|-1|-1|-1|-1|79|722|271|496|
5|5|9|0|8|4|9|9|9|9|9|0|3|3|4|6|77|193|-1|67|3|18|-1|-1|-1|-1|-1|301|87|356|271|496|
5|1|9|5|8|9|4|9|9|9|9|6|8|6|6|1|77|212|-1|324|3|-1|171|-1|-1|-1|-1|681|1|722|699|62|
5|5|9|5|4|9|9|0|9|9|9|9|5|5|6|1|77|193|-1|324|229|-1|-1|80|-1|-1|-1|-1|223|342|754|62|
5|5|9|0|8|4|9|9|8|9|9|9|4|6|4|6|237|193|-1|67|3|18|-1|-1|1|-1|-1|-1|79|722|271|496|
5|4|9|5|5|4|0|9|9|7|9|9|1|4|5|1|77|175|-1|324|204|18|12|-1|-1|614|-1|-1|291|262|182|62|
3|5|9|4|8|0|0|9|9|9|0|9|6|2|9|4|121|258|-1|274|3|67|12|-1|-1|-1|86|-1|75|232|-1|224|
5|5|9|5|2|2|0|8|8|9|9|9|2|7|5|1|77|258|-1|324|196|251|12|2|3|-1|-1|-1|259|641|182|142|
5|5|9|5|8|4|4|9|9|5|9|0|4|9|2|4|77|258|-1|324|3|18|215|-1|-1|259|-1|203|79|-1|348|224|
5|4|9|0|4|4|0|1|9|9|9|9|3|2|5|1|217|313|-1|67|229|18|12|316|-1|-1|-1|-1|28|235|182|62|
4|1|9|4|8|4|0|9|9|5|9|9|5|4|8|5|279|139|-1|274|3|18|12|-1|-1|349|-1|-1|35|262|3|263|
5|1|9|5|2|4|0|9|9|2|1|9|5|6|4|6|77|316|-1|324|196|18|12|-1|-1|234|46|-1|6|170|271|496|
5|5|9|5|8|4|0|1|9|3|9|4|4|6|9|8|77|269|-1|324|3|18|12|316|-1|260|-1|145|279|722|-1|3|
5|5|9|1|9|9|9|9|8|9|9|0|3|3|4|6|77|193|-1|308|-1|-1|-1|-1|1|-1|-1|301|87|356|271|496|
9|5|9|5|8|4|4|9|9|9|9|8|2|7|2|1|-1|258|-1|324|3|18|171|-1|-1|-1|-1|1|259|641|183|62|
5|1|9|5|8|4|0|5|0|9|8|9|4|2|4|6|77|316|-1|324|3|18|12|199|79|-1|0|-1|279|36|271|496|
5|1|9|4|8|4|9|9|9|9|9|0|0|4|5|1|237|13|-1|274|3|18|-1|-1|-1|-1|-1|203|83|262|182|62|
4|3|4|4|7|3|1|9|9|9|9|9|2|2|8|4|279|188|89|96|121|143|326|-1|-1|-1|-1|-1|259|67|3|14|
5|5|9|8|8|0|0|9|0|9|9|9|9|5|6|1|77|193|-1|1|3|95|209|-1|79|-1|-1|-1|-1|342|754|62|
4|5|7|5|9|5|0|9|9|9|9|9|3|9|6|1|276|258|4|324|-1|92|12|-1|-1|-1|-1|-1|87|-1|754|62|
5|4|0|5|8|8|9|9|9|1|9|9|3|6|6|1|77|131|15|324|1|2|-1|-1|-1|262|-1|-1|193|582|754|62|
5|5|9|5|8|4|0|9|9|9|8|6|3|9|2|2|237|269|-1|324|3|18|12|-1|-1|-1|3|178|87|-1|348|255|
4|5|6|3|2|1|0|9|8|9|9|9|0|6|5|0|279|258|0|284|196|107|12|-1|3|-1|-1|-1|313|722|182|257|
5|5|9|5|8|1|4|9|9|9|9|2|2|7|5|1|77|258|-1|324|3|173|74|-1|-1|-1|-1|360|259|641|182|142|
5|5|9|9|8|1|4|9|9|9|8|9|2|7|2|4|237|258|-1|-1|3|107|171|-1|-1|-1|0|-1|259|641|348|224|
4|6|9|5|8|4|0|9|9|9|9|0|3|3|6|8|276|218|-1|324|3|18|12|-1|-1|-1|-1|301|87|99|154|2|
2|5|9|3|8|9|0|9|8|9|8|2|0|4|2|4|339|258|-1|106|3|-1|12|-1|1|-1|3|360|83|262|348|224|
5|5|9|5|8|4|9|9|9|9|9|9|8|9|5|1|237|269|-1|324|3|18|-1|-1|-1|-1|-1|-1|1|-1|182|62|
5|2|9|5|8|4|0|9|9|9|1|0|4|4|2|4|77|30|-1|324|3|18|12|-1|-1|-1|288|203|79|262|348|224|
6|5|9|5|8|9|0|9|9|9|9|9|2|7|6|1|62|258|-1|324|3|-1|12|-1|-1|-1|-1|-1|259|641|754|62|
4|2|9|5|8|4|0|9|9|9|8|6|3|4|2|4|261|30|-1|324|3|18|12|-1|-1|-1|3|178|87|236|348|224|
9|1|9|5|8|4|0|9|9|9|9|2|0|9|6|1|-1|316|-1|324|3|18|12|-1|-1|-1|-1|360|313|-1|754|62|
4|5|9|5|8|4|0|9|3|9|8|3|4|6|6|2|279|258|-1|324|3|18|12|-1|245|-1|3|215|79|465|154|187|
4|5|1|5|8|9|4|9|9|3|9|9|0|6|2|6|276|237|39|324|3|-1|74|-1|-1|260|-1|-1|313|776|259|340|
5|5|9|5|8|9|9|0|9|9|9|9|1|6|9|8|77|258|-1|324|3|-1|-1|80|-1|-1|-1|-1|291|722|-1|3|
4|5|9|5|8|4|7|9|9|3|8|9|5|6|4|3|276|258|-1|324|3|18|289|-1|-1|260|0|-1|276|422|271|243|
5|5|9|5|8|1|5|9|9|3|9|9|5|6|9|8|77|258|-1|324|3|107|22|-1|-1|65|-1|-1|238|722|-1|3|
5|5|9|0|8|4|9|9|8|9|9|9|4|7|6|2|77|121|-1|67|3|125|-1|-1|3|-1|-1|-1|279|641|154|187|
4|4|9|5|8|1|0|9|9|9|9|2|0|6|2|4|279|54|-1|324|3|107|12|-1|-1|-1|-1|360|313|722|348|224|
9|1|9|5|8|4|5|2|9|9|9|9|8|7|5|1|-1|316|-1|324|3|18|22|195|-1|-1|-1|-1|2|641|182|142|
5|5|9|5|8|3|9|1|9|9|9|9|1|7|5|1|237|258|-1|324|3|260|-1|253|-1|-1|-1|-1|291|641|182|62|
5|5|0|5|8|4|9|9|0|9|3|9|4|6|6|2|77|258|15|324|3|19|-1|-1|79|-1|265|-1|279|722|154|187|
5|5|9|5|8|4|4|2|4|9|9|9|3|6|3|4|77|258|-1|324|3|18|74|195|192|-1|-1|-1|193|582|333|224|
4|5|9|5|8|6|4|1|9|9|9|9|0|6|3|4|279|193|-1|324|3|224|74|253|-1|-1|-1|-1|83|422|333|224|
5|5|9|5|1|3|0|9|9|6|9|9|0|7|2|6|77|193|-1|324|107|260|12|-1|-1|14|-1|-1|313|641|259|340|
5|5|9|5|8|5|0|6|9|9|9|9|3|6|3|4|237|258|-1|324|3|163|12|428|-1|-1|-1|-1|193|582|333|224|
4|5|9|5|8|0|0|9|9|9|0|9|6|2|9|4|276|258|-1|324|3|67|12|-1|-1|-1|86|-1|75|232|-1|224|
3|5|9|5|5|1|0|9|9|0|9|9|1|4|5|6|263|271|-1|324|204|107|12|-1|-1|224|-1|-1|291|262|182|623|
5|5|6|3|2|5|0|9|9|3|9|9|4|7|6|1|237|258|0|284|196|163|12|-1|-1|260|-1|-1|279|641|754|62|
9|5|6|5|8|4|9|9|0|9|8|9|0|9|2|2|-1|258|0|324|3|18|-1|-1|79|-1|3|-1|83|-1|348|322|
9|1|9|0|8|1|5|9|9|9|9|9|0|7|2|4|-1|316|-1|67|3|107|22|-1|-1|-1|-1|-1|312|440|348|224|
4|5|5|5|1|3|9|1|9|9|2|9|2|4|7|1|276|258|42|324|107|260|-1|316|-1|-1|271|-1|51|262|510|62|
5|5|9|5|8|3|9|1|9|3|9|7|4|4|2|6|77|258|-1|324|3|260|-1|253|-1|65|-1|209|79|262|259|340|
2|5|9|1|8|8|8|9|9|9|9|9|5|7|6|2|339|258|-1|206|3|2|1|-1|-1|-1|-1|-1|238|641|154|187|
2|4|6|5|7|0|0|9|8|7|9|9|3|0|2|2|284|175|447|324|71|95|12|-1|1|635|-1|-1|28|170|348|322|
4|5|9|4|8|1|4|9|9|0|9|9|6|2|5|1|276|258|-1|96|3|107|171|-1|-1|331|-1|-1|75|232|182|62|
9|7|9|5|4|4|9|9|9|9|9|9|6|9|2|2|-1|276|-1|324|229|18|-1|-1|-1|-1|-1|-1|75|-1|348|322|
4|5|9|4|8|4|4|9|9|0|8|9|8|9|6|1|276|258|-1|96|3|18|171|-1|-1|331|3|-1|1|-1|754|62|
5|5|1|1|8|3|8|9|9|9|1|9|4|2|9|4|237|258|74|206|3|147|1|-1|-1|-1|46|-1|279|232|-1|224|
9|1|9|5|8|6|9|8|9|9|9|7|4|4|8|8|-1|139|-1|324|3|648|-1|2|-1|-1|-1|209|79|262|3|2|
3|7|6|9|6|4|8|9|9|9|9|9|4|4|8|8|263|365|0|-1|143|18|0|-1|-1|-1|-1|-1|79|262|3|2|
5|0|7|6|1|0|0|9|9|9|9|9|6|6|9|8|80|214|469|395|21|95|12|-1|-1|-1|-1|-1|457|465|-1|3|
4|5|2|5|8|4|0|0|9|9|9|9|0|1|5|1|276|258|226|324|3|18|12|80|-1|-1|-1|-1|83|235|182|62|
5|5|9|5|2|8|0|9|9|9|8|9|9|4|5|1|237|269|-1|324|196|0|12|-1|-1|-1|0|-1|-1|262|182|62|
9|5|8|0|1|1|0|0|9|9|9|9|4|4|6|1|-1|193|1|67|247|302|12|80|-1|-1|-1|-1|79|262|754|62|
4|8|4|5|8|4|4|0|4|9|9|9|0|6|5|1|279|0|290|324|3|18|74|80|262|-1|-1|-1|19|170|182|62|
4|5|9|6|8|4|9|9|8|9|1|9|6|7|6|8|276|258|-1|187|3|18|-1|-1|1|-1|162|-1|684|641|629|3|
4|5|9|5|4|4|0|0|1|9|6|9|2|9|2|6|276|258|-1|324|292|18|12|80|334|-1|670|-1|259|-1|259|340|
5|5|6|5|5|4|0|0|1|9|9|9|2|7|2|0|310|269|685|324|297|18|12|80|182|-1|-1|-1|259|641|259|209|
5|0|6|5|8|4|5|9|9|9|9|9|4|2|2|6|77|262|234|324|3|18|22|-1|-1|-1|-1|-1|279|232|259|340|
2|1|9|3|0|8|7|9|9|9|9|9|2|7|2|1|339|139|-1|37|141|2|650|-1|-1|-1|-1|-1|259|641|183|62|
3|2|9|3|8|6|9|9|9|9|9|9|3|6|9|8|336|91|-1|106|3|648|-1|-1|-1|-1|-1|-1|128|465|-1|3|
3|5|9|7|1|3|0|9|9|9|9|0|0|6|3|4|223|258|-1|484|107|260|12|-1|-1|-1|-1|301|313|582|333|224|
9|1|9|5|8|4|0|9|9|9|9|7|4|4|8|8|-1|139|-1|324|3|18|12|-1|-1|-1|-1|209|79|262|3|2|
5|7|9|5|4|4|0|9|8|9|9|9|7|9|4|1|237|699|-1|324|229|18|12|-1|3|-1|-1|-1|437|-1|8|62|
5|5|9|5|8|1|5|9|9|9|9|9|1|7|6|2|77|258|-1|324|3|107|22|-1|-1|-1|-1|-1|291|641|154|187|
9|1|9|5|1|4|4|1|9|1|9|3|4|6|5|9|-1|316|-1|324|107|18|74|316|-1|252|-1|60|279|722|182|-1|
4|4|9|0|8|3|4|9|9|9|9|9|2|4|7|1|279|54|-1|67|3|260|74|-1|-1|-1|-1|-1|51|262|510|62|
4|5|5|0|8|2|5|0|9|9|5|9|0|8|4|5|276|258|42|67|3|240|22|80|-1|-1|96|-1|83|2|281|272|
4|9|9|8|5|1|0|9|2|9|3|2|0|4|5|6|276|-1|-1|0|204|107|12|-1|2|-1|207|360|83|262|182|764|
0|5|9|5|8|4|9|9|9|9|9|9|6|7|2|4|267|258|-1|324|3|18|-1|-1|-1|-1|-1|-1|189|641|348|224|
7|5|2|5|8|4|0|1|9|9|3|7|2|7|2|4|257|258|226|324|3|18|12|253|-1|-1|126|661|259|641|348|224|
4|1|9|5|3|5|0|9|9|7|9|9|0|8|2|6|279|13|-1|324|52|284|12|-1|-1|533|-1|-1|13|3|259|340|
5|9|9|5|8|2|5|9|9|9|9|9|4|4|5|1|77|-1|-1|324|3|316|22|-1|-1|-1|-1|-1|160|262|182|62|
5|5|1|5|5|4|4|9|2|4|9|9|4|7|6|1|237|271|74|324|13|18|74|-1|247|358|-1|-1|193|641|754|62|
2|9|9|5|0|7|7|9|9|9|9|9|8|9|8|4|317|-1|-1|324|192|603|650|-1|-1|-1|-1|-1|1|-1|3|14|
4|4|9|5|2|4|5|3|9|9|9|9|0|4|4|6|279|313|-1|324|196|18|22|103|-1|-1|-1|-1|83|262|271|496|
5|0|9|4|8|4|9|0|9|9|9|2|4|6|7|4|237|262|-1|96|3|18|-1|80|-1|-1|-1|360|279|722|310|224|
5|1|9|8|4|9|0|9|9|0|9|9|6|6|9|8|77|316|-1|3|229|-1|12|-1|-1|331|-1|-1|75|722|-1|3|
5|1|9|3|0|8|9|4|9|9|9|9|9|5|8|2|77|316|-1|37|141|2|-1|132|-1|-1|-1|-1|-1|342|3|301|
4|5|6|3|2|4|0|9|8|9|9|9|2|7|6|8|279|258|0|284|196|18|12|-1|3|-1|-1|-1|259|641|154|2|
5|9|9|0|1|4|7|9|9|3|9|0|3|3|5|1|237|-1|-1|80|344|18|257|-1|-1|260|-1|301|87|99|182|142|
4|4|9|5|4|0|0|9|0|9|9|9|9|9|6|1|276|54|-1|324|229|95|209|-1|79|-1|-1|-1|-1|-1|754|62|
5|9|9|5|5|1|0|9|2|9|3|2|0|4|5|6|77|-1|-1|324|204|107|12|-1|2|-1|207|360|83|262|182|764|
5|8|9|0|8|4|9|9|9|9|9|9|4|6|4|6|77|3|-1|67|3|18|-1|-1|-1|-1|-1|-1|79|722|271|496|
5|5|6|1|9|9|9|9|9|9|9|0|3|3|4|6|77|193|736|308|-1|-1|-1|-1|-1|-1|-1|301|87|356|271|496|
4|0|9|9|8|9|8|9|9|7|9|9|2|4|7|1|279|214|-1|-1|3|-1|0|-1|-1|257|-1|-1|259|262|510|62|
5|5|9|5|8|1|4|9|9|9|9|9|2|7|2|1|77|258|-1|324|3|173|74|-1|-1|-1|-1|-1|51|641|183|62|
5|1|9|5|4|9|9|0|9|9|9|6|8|6|6|1|77|212|-1|324|229|-1|-1|80|-1|-1|-1|681|1|722|699|62|
